timestamp,signal_bar_ts,decision_ts,reconcile_ts,symbol,side,strategy_id,model_artifact_run_id,policy_artifact_run_id,portfolio_decision,portfolio_reject_reason,liquidity_reject_reason,was_traded,normalized_rank_score,final_threshold,signal_gap_bps,expected_total_entry_friction_bps,entry_delay_adverse_bps,signal_to_entry_seconds,replay_exact_match,replay_symbol_side_match
2026-05-17 00:04:04.089777+00:00,2026-05-16 23:00:00+00:00,2026-05-17 00:04:04.089777+00:00,2026-05-16 23:00:00+00:00,2Z/USD:USD,short,dist_rolling_7d_high_0_13977644_mkt_ret_eq_24h_-0_56630391_rolling_range_20_-0_40672407,20260321_140000,20260321_140000,portfolio_rejected,invalid_requested_position_size,,False,0.9537653239929947,0.69,,,,,False,False
2026-05-17 00:04:04.089777+00:00,2026-05-16 23:00:00+00:00,2026-05-17 00:04:04.089777+00:00,2026-05-16 23:00:00+00:00,KAITO/USD:USD,short,dist_rolling_7d_high_0_13977644_mkt_ret_eq_24h_-0_56630391_rolling_range_20_-0_40672407,20260321_140000,20260321_140000,portfolio_rejected,invalid_requested_position_size,,False,0.9194395796847635,0.69,,,,,False,False
2026-05-17 00:04:04.089777+00:00,2026-05-16 23:00:00+00:00,2026-05-17 00:04:04.089777+00:00,2026-05-16 23:00:00+00:00,WIF/USD:USD,short,dist_rolling_7d_high_0_13977644_mkt_ret_eq_24h_-0_56630391_rolling_range_20_-0_40672407,20260321_140000,20260321_140000,portfolio_rejected,invalid_requested_position_size,,False,0.9120840630472855,0.69,,,,,False,False
2026-05-17 01:04:51.716314+00:00,2026-05-17 00:00:00+00:00,2026-05-17 01:04:51.716314+00:00,2026-05-17 00:00:00+00:00,NEO/USD:USD,short,dist_rolling_7d_high_0_13977644_mkt_ret_eq_24h_-0_56630391_rolling_range_20_-0_40672407,20260321_140000,20260321_140000,portfolio_rejected,invalid_requested_position_size,,False,0.9110332749562171,0.69,,,,,False,False
2026-05-17 01:04:51.716314+00:00,2026-05-17 00:00:00+00:00,2026-05-17 01:04:51.716314+00:00,2026-05-17 00:00:00+00:00,FIL/USD:USD,short,dist_rolling_7d_high_0_13977644_mkt_ret_eq_24h_-0_56630391_rolling_range_20_-0_40672407,20260321_140000,20260321_140000,portfolio_rejected,invalid_requested_position_size,,False,0.863922942206655,0.69,,,,,False,False
2026-05-17 02:04:37.629512+00:00,2026-05-17 01:00:00+00:00,2026-05-17 02:04:37.629512+00:00,2026-05-17 01:00:00+00:00,FIL/USD:USD,short,dist_rolling_7d_high_0_13977644_mkt_ret_eq_24h_-0_56630391_rolling_range_20_-0_40672407,20260321_140000,20260321_140000,portfolio_rejected,invalid_requested_position_size,,False,0.9021015761821366,0.69,,,,,False,False
2026-05-17 03:04:45.391345+00:00,2026-05-17 02:00:00+00:00,2026-05-17 03:04:45.391345+00:00,2026-05-17 02:00:00+00:00,FIL/USD:USD,short,dist_rolling_7d_high_0_13977644_mkt_ret_eq_24h_-0_56630391_rolling_range_20_-0_40672407,20260321_140000,20260321_140000,portfolio_rejected,invalid_requested_position_size,,False,0.9101576182136603,0.69,,,,,False,False
2026-05-17 03:04:45.391345+00:00,2026-05-17 02:00:00+00:00,2026-05-17 03:04:45.391345+00:00,2026-05-17 02:00:00+00:00,SYRUP/USD:USD,short,dist_rolling_7d_high_0_13977644_mkt_ret_eq_24h_-0_56630391_rolling_range_20_-0_40672407,20260321_140000,20260321_140000,portfolio_rejected,invalid_requested_position_size,,False,0.8959719789842382,0.69,,,,,False,False
2026-05-17 03:04:45.391345+00:00,2026-05-17 02:00:00+00:00,2026-05-17 03:04:45.391345+00:00,2026-05-17 02:00:00+00:00,ALGO/USD:USD,short,dist_rolling_7d_high_0_13977644_mkt_ret_eq_24h_-0_56630391_rolling_range_20_-0_40672407,20260321_140000,20260321_140000,portfolio_rejected,invalid_requested_position_size,,False,0.8577933450087566,0.69,,,,,False,False
2026-05-17 04:04:42.879920+00:00,2026-05-17 03:00:00+00:00,2026-05-17 04:04:42.879920+00:00,2026-05-17 03:00:00+00:00,ETH/USD:USD,long,prior_range_0_84333628_range_24h_pct_0_10307747,20260321_140000,20260321_140000,portfolio_rejected,invalid_requested_position_size,,False,0.8587852494577006,0.71,,,,,False,False
2026-05-17 04:04:42.879920+00:00,2026-05-17 03:00:00+00:00,2026-05-17 04:04:42.879920+00:00,2026-05-17 03:00:00+00:00,SUI/USD:USD,short,dist_rolling_7d_high_0_13977644_mkt_ret_eq_24h_-0_56630391_rolling_range_20_-0_40672407,20260321_140000,20260321_140000,portfolio_rejected,invalid_requested_position_size,,False,0.963922942206655,0.69,,,,,False,False
2026-05-17 04:04:42.879920+00:00,2026-05-17 03:00:00+00:00,2026-05-17 04:04:42.879920+00:00,2026-05-17 03:00:00+00:00,FIL/USD:USD,short,dist_rolling_7d_high_0_13977644_mkt_ret_eq_24h_-0_56630391_rolling_range_20_-0_40672407,20260321_140000,20260321_140000,portfolio_rejected,invalid_requested_position_size,,False,0.9637478108581436,0.69,,,,,False,False
2026-05-17 04:04:42.879920+00:00,2026-05-17 03:00:00+00:00,2026-05-17 04:04:42.879920+00:00,2026-05-17 03:00:00+00:00,ARB/USD:USD,short,dist_rolling_7d_high_0_13977644_mkt_ret_eq_24h_-0_56630391_rolling_range_20_-0_40672407,20260321_140000,20260321_140000,portfolio_rejected,invalid_requested_position_size,,False,0.9514886164623467,0.69,,,,,False,False
2026-05-17 05:04:43.842669+00:00,2026-05-17 04:00:00+00:00,2026-05-17 05:04:43.842669+00:00,2026-05-17 04:00:00+00:00,LTC/USD:USD,long,prior_range_0_84333628_range_24h_pct_0_10307747,20260321_140000,20260321_140000,portfolio_rejected,invalid_requested_position_size,,False,0.8854663774403471,0.71,,,,,False,False
2026-05-17 05:04:43.842669+00:00,2026-05-17 04:00:00+00:00,2026-05-17 05:04:43.842669+00:00,2026-05-17 04:00:00+00:00,ETH/USD:USD,long,prior_range_0_84333628_range_24h_pct_0_10307747,20260321_140000,20260321_140000,portfolio_rejected,invalid_requested_position_size,,False,0.8590021691973969,0.71,,,,,False,False
2026-05-17 05:04:43.842669+00:00,2026-05-17 04:00:00+00:00,2026-05-17 05:04:43.842669+00:00,2026-05-17 04:00:00+00:00,SYRUP/USD:USD,short,dist_rolling_7d_high_0_13977644_mkt_ret_eq_24h_-0_56630391_rolling_range_20_-0_40672407,20260321_140000,20260321_140000,portfolio_rejected,invalid_requested_position_size,,False,0.9535901926444834,0.69,,,,,False,False
2026-05-17 05:04:43.842669+00:00,2026-05-17 04:00:00+00:00,2026-05-17 05:04:43.842669+00:00,2026-05-17 04:00:00+00:00,ALGO/USD:USD,short,dist_rolling_7d_high_0_13977644_mkt_ret_eq_24h_-0_56630391_rolling_range_20_-0_40672407,20260321_140000,20260321_140000,portfolio_rejected,invalid_requested_position_size,,False,0.9471103327495621,0.69,,,,,False,False
2026-05-17 05:04:43.842669+00:00,2026-05-17 04:00:00+00:00,2026-05-17 05:04:43.842669+00:00,2026-05-17 04:00:00+00:00,FIL/USD:USD,short,dist_rolling_7d_high_0_13977644_mkt_ret_eq_24h_-0_56630391_rolling_range_20_-0_40672407,20260321_140000,20260321_140000,portfolio_rejected,invalid_requested_position_size,,False,0.9434325744308231,0.69,,,,,False,False
2026-05-17 06:04:44.297570+00:00,2026-05-17 05:00:00+00:00,2026-05-17 06:04:44.297570+00:00,2026-05-17 05:00:00+00:00,ETH/USD:USD,long,prior_range_0_84333628_range_24h_pct_0_10307747,20260321_140000,20260321_140000,portfolio_rejected,invalid_requested_position_size,,False,0.9143167028199566,0.71,,,,,False,False
2026-05-17 06:04:44.297570+00:00,2026-05-17 05:00:00+00:00,2026-05-17 06:04:44.297570+00:00,2026-05-17 05:00:00+00:00,LTC/USD:USD,long,prior_range_0_84333628_range_24h_pct_0_10307747,20260321_140000,20260321_140000,portfolio_rejected,invalid_requested_position_size,,False,0.8850325379609545,0.71,,,,,False,False
2026-05-17 06:04:44.297570+00:00,2026-05-17 05:00:00+00:00,2026-05-17 06:04:44.297570+00:00,2026-05-17 05:00:00+00:00,BTC/USD:USD,long,prior_range_0_84333628_range_24h_pct_0_10307747,20260321_140000,20260321_140000,portfolio_rejected,invalid_requested_position_size,,False,0.8613882863340564,0.71,,,,,False,False
2026-05-17 06:04:44.297570+00:00,2026-05-17 05:00:00+00:00,2026-05-17 06:04:44.297570+00:00,2026-05-17 05:00:00+00:00,FIL/USD:USD,short,dist_rolling_7d_high_0_13977644_mkt_ret_eq_24h_-0_56630391_rolling_range_20_-0_40672407,20260321_140000,20260321_140000,portfolio_rejected,invalid_requested_position_size,,False,0.9502626970227671,0.69,,,,,False,False
2026-05-17 06:04:44.297570+00:00,2026-05-17 05:00:00+00:00,2026-05-17 06:04:44.297570+00:00,2026-05-17 05:00:00+00:00,SYRUP/USD:USD,short,dist_rolling_7d_high_0_13977644_mkt_ret_eq_24h_-0_56630391_rolling_range_20_-0_40672407,20260321_140000,20260321_140000,portfolio_rejected,invalid_requested_position_size,,False,0.9369527145359019,0.69,,,,,False,False
2026-05-17 06:04:44.297570+00:00,2026-05-17 05:00:00+00:00,2026-05-17 06:04:44.297570+00:00,2026-05-17 05:00:00+00:00,TNSR/USD:USD,short,dist_rolling_7d_high_0_13977644_mkt_ret_eq_24h_-0_56630391_rolling_range_20_-0_40672407,20260321_140000,20260321_140000,portfolio_rejected,invalid_requested_position_size,,False,0.9336252189141856,0.69,,,,,False,False
2026-05-17 07:05:11.030272+00:00,2026-05-17 06:00:00+00:00,2026-05-17 07:05:11.030272+00:00,2026-05-17 06:00:00+00:00,LTC/USD:USD,long,prior_range_0_84333628_range_24h_pct_0_10307747,20260321_140000,20260321_140000,portfolio_rejected,invalid_requested_position_size,,False,0.914533622559653,0.71,,,,,False,False
2026-05-17 07:05:11.030272+00:00,2026-05-17 06:00:00+00:00,2026-05-17 07:05:11.030272+00:00,2026-05-17 06:00:00+00:00,ETH/USD:USD,long,prior_range_0_84333628_range_24h_pct_0_10307747,20260321_140000,20260321_140000,portfolio_rejected,invalid_requested_position_size,,False,0.9049891540130152,0.71,,,,,False,False
2026-05-17 07:05:11.030272+00:00,2026-05-17 06:00:00+00:00,2026-05-17 07:05:11.030272+00:00,2026-05-17 06:00:00+00:00,NEO/USD:USD,short,dist_rolling_7d_high_0_13977644_mkt_ret_eq_24h_-0_56630391_rolling_range_20_-0_40672407,20260321_140000,20260321_140000,portfolio_rejected,invalid_requested_position_size,,False,0.9436077057793345,0.69,,,,,False,False
2026-05-17 07:05:11.030272+00:00,2026-05-17 06:00:00+00:00,2026-05-17 07:05:11.030272+00:00,2026-05-17 06:00:00+00:00,COTI/USD:USD,short,dist_rolling_7d_high_0_13977644_mkt_ret_eq_24h_-0_56630391_rolling_range_20_-0_40672407,20260321_140000,20260321_140000,portfolio_rejected,invalid_requested_position_size,,False,0.9248686514886164,0.69,,,,,False,False
2026-05-17 07:05:11.030272+00:00,2026-05-17 06:00:00+00:00,2026-05-17 07:05:11.030272+00:00,2026-05-17 06:00:00+00:00,FIL/USD:USD,short,dist_rolling_7d_high_0_13977644_mkt_ret_eq_24h_-0_56630391_rolling_range_20_-0_40672407,20260321_140000,20260321_140000,portfolio_rejected,invalid_requested_position_size,,False,0.9248686514886164,0.69,,,,,False,False
2026-05-17 08:05:12.847234+00:00,2026-05-17 07:00:00+00:00,2026-05-17 08:05:12.847234+00:00,2026-05-17 07:00:00+00:00,FIL/USD:USD,short,dist_rolling_7d_high_0_13977644_mkt_ret_eq_24h_-0_56630391_rolling_range_20_-0_40672407,20260321_140000,20260321_140000,portfolio_rejected,invalid_requested_position_size,,False,0.9530647985989492,0.69,,,,,False,False
2026-05-17 08:05:12.847234+00:00,2026-05-17 07:00:00+00:00,2026-05-17 08:05:12.847234+00:00,2026-05-17 07:00:00+00:00,NEO/USD:USD,short,dist_rolling_7d_high_0_13977644_mkt_ret_eq_24h_-0_56630391_rolling_range_20_-0_40672407,20260321_140000,20260321_140000,portfolio_rejected,invalid_requested_position_size,,False,0.9369527145359019,0.69,,,,,False,False
2026-05-17 08:05:12.847234+00:00,2026-05-17 07:00:00+00:00,2026-05-17 08:05:12.847234+00:00,2026-05-17 07:00:00+00:00,DOGE/USD:USD,short,dist_rolling_7d_high_0_13977644_mkt_ret_eq_24h_-0_56630391_rolling_range_20_-0_40672407,20260321_140000,20260321_140000,portfolio_rejected,invalid_requested_position_size,,False,0.9295971978984238,0.69,,,,,False,False
2026-05-17 17:05:58.647228+00:00,2026-05-17 16:00:00+00:00,2026-05-17 17:05:58.647228+00:00,2026-05-17 16:00:00+00:00,SYN/USD:USD,long,prior_range_0_84333628_range_24h_pct_0_10307747,20260321_140000,20260321_140000,liquidity_rejected,,spread_above_hard_max,False,0.8850325379609545,0.71,,,,,False,False
2026-05-17 17:05:58.647228+00:00,2026-05-17 16:00:00+00:00,2026-05-17 17:05:58.647228+00:00,2026-05-17 16:00:00+00:00,KAT/USD:USD,short,dist_rolling_7d_high_0_13977644_mkt_ret_eq_24h_-0_56630391_rolling_range_20_-0_40672407,20260321_140000,20260321_140000,liquidity_rejected,,spread_above_hard_max,False,0.9733800350262697,0.69,,,,,False,False
2026-05-17 20:11:14.644056+00:00,2026-05-17 19:45:00+00:00,2026-05-17 20:11:14.644056+00:00,2026-05-17 19:45:00+00:00,SAGA/USD:USD,long,prior_range_0_84333628_range_24h_pct_0_10307747,20260321_140000,20260321_140000,liquidity_rejected,,stale_ticker,False,0.9221258134490239,0.71,,,,,False,False
2026-05-17 20:11:14.644056+00:00,2026-05-17 19:45:00+00:00,2026-05-17 20:11:14.644056+00:00,2026-05-17 19:45:00+00:00,KAT/USD:USD,short,dist_rolling_7d_high_0_13977644_mkt_ret_eq_24h_-0_56630391_rolling_range_20_-0_40672407,20260321_140000,20260321_140000,liquidity_rejected,,stale_ticker,False,0.9520140105078809,0.69,,,,,False,False
2026-05-17 21:06:33.052459+00:00,2026-05-17 20:45:00+00:00,2026-05-17 21:06:33.052459+00:00,2026-05-17 20:45:00+00:00,CGPT/USD:USD,long,prior_range_0_84333628_range_24h_pct_0_10307747,20260321_140000,20260321_140000,liquidity_rejected,,stale_ticker,False,0.9101952277657267,0.71,,,,,False,False
2026-05-17 21:06:33.052459+00:00,2026-05-17 20:45:00+00:00,2026-05-17 21:06:33.052459+00:00,2026-05-17 20:45:00+00:00,KAT/USD:USD,short,dist_rolling_7d_high_0_13977644_mkt_ret_eq_24h_-0_56630391_rolling_range_20_-0_40672407,20260321_140000,20260321_140000,liquidity_rejected,,stale_ticker,False,0.9381786339754816,0.69,,,,,False,False
2026-05-17 21:16:56.327239+00:00,2026-05-17 20:45:00+00:00,2026-05-17 21:16:56.327239+00:00,2026-05-17 20:45:00+00:00,CGPT/USD:USD,long,prior_range_0_84333628_range_24h_pct_0_10307747,20260321_140000,20260321_140000,liquidity_rejected,,spread_above_hard_max,False,0.9101952277657267,0.71,,,,,False,False
2026-05-17 21:16:56.327239+00:00,2026-05-17 20:45:00+00:00,2026-05-17 21:16:56.327239+00:00,2026-05-17 20:45:00+00:00,KAT/USD:USD,short,dist_rolling_7d_high_0_13977644_mkt_ret_eq_24h_-0_56630391_rolling_range_20_-0_40672407,20260321_140000,20260321_140000,liquidity_rejected,,spread_above_hard_max,False,0.9381786339754816,0.69,,,,,False,False
2026-05-17 21:27:45.812598+00:00,2026-05-17 20:45:00+00:00,2026-05-17 21:27:45.812598+00:00,2026-05-17 20:45:00+00:00,CGPT/USD:USD,long,prior_range_0_84333628_range_24h_pct_0_10307747,20260321_140000,20260321_140000,liquidity_rejected,,spread_above_hard_max,False,0.9101952277657267,0.71,,,,,False,False
2026-05-17 21:27:45.812598+00:00,2026-05-17 20:45:00+00:00,2026-05-17 21:27:45.812598+00:00,2026-05-17 20:45:00+00:00,KAT/USD:USD,short,dist_rolling_7d_high_0_13977644_mkt_ret_eq_24h_-0_56630391_rolling_range_20_-0_40672407,20260321_140000,20260321_140000,liquidity_rejected,,spread_above_hard_max,False,0.9381786339754816,0.69,,,,,False,False
2026-05-17 22:04:25.076110+00:00,2026-05-17 21:45:00+00:00,2026-05-17 22:04:25.076110+00:00,2026-05-17 21:45:00+00:00,CGPT/USD:USD,long,prior_range_0_84333628_range_24h_pct_0_10307747,20260321_140000,20260321_140000,traded,,,True,0.9650759219088937,0.71,-60.785894409873805,46.93500213340876,,,False,False
2026-05-17 22:04:25.076110+00:00,2026-05-17 21:45:00+00:00,2026-05-17 22:04:25.076110+00:00,2026-05-17 21:45:00+00:00,KAT/USD:USD,short,dist_rolling_7d_high_0_13977644_mkt_ret_eq_24h_-0_56630391_rolling_range_20_-0_40672407,20260321_140000,20260321_140000,liquidity_rejected,,spread_above_hard_max,False,0.9583187390542908,0.69,,,,,False,False
2026-05-17 22:04:25.076110+00:00,2026-05-17 21:45:00+00:00,2026-05-17 22:04:25.076110+00:00,2026-05-17 21:45:00+00:00,BERA/USD:USD,short,dist_rolling_7d_high_0_13977644_mkt_ret_eq_24h_-0_56630391_rolling_range_20_-0_40672407,20260321_140000,20260321_140000,traded,,,True,0.8749562171628722,0.69,66.84526172573979,13.458950201884265,,,False,False
2026-05-17 22:28:43.920229+00:00,2026-05-17 21:45:00+00:00,2026-05-17 22:28:43.920229+00:00,2026-05-17 21:45:00+00:00,CGPT/USD:USD,long,prior_range_0_84333628_range_24h_pct_0_10307747,20260321_140000,20260321_140000,portfolio_rejected,symbol_already_active,,False,0.9650759219088937,0.71,,,,,False,False
2026-05-17 22:28:43.920229+00:00,2026-05-17 21:45:00+00:00,2026-05-17 22:28:43.920229+00:00,2026-05-17 21:45:00+00:00,COTI/USD:USD,long,dist_weekly_vwap_0_074823022_loc_prev_week_range_pos_48_0_48354843_mkt_ret_eq_24h_-0_43956268_volume_autocorr_48_-0_38378653,20260321_140000,20260321_140000,traded,,,True,0.8670744442786812,0.6799999999999999,-76.98208508144621,23.273855702094373,,,False,False
2026-05-17 22:28:43.920229+00:00,2026-05-17 21:45:00+00:00,2026-05-17 22:28:43.920229+00:00,2026-05-17 21:45:00+00:00,HBAR/USD:USD,long,dist_weekly_vwap_0_074823022_loc_prev_week_range_pos_48_0_48354843_mkt_ret_eq_24h_-0_43956268_volume_autocorr_48_-0_38378653,20260321_140000,20260321_140000,portfolio_rejected,rank_below_dynamic_threshold,,False,0.8614053408921378,0.6799999999999999,-93.832005003468,6.093170110230931,,,False,False
2026-05-17 22:28:43.920229+00:00,2026-05-17 21:45:00+00:00,2026-05-17 22:28:43.920229+00:00,2026-05-17 21:45:00+00:00,KAT/USD:USD,short,dist_rolling_7d_high_0_13977644_mkt_ret_eq_24h_-0_56630391_rolling_range_20_-0_40672407,20260321_140000,20260321_140000,liquidity_rejected,,spread_above_hard_max,False,0.9583187390542908,0.69,,,,,False,False
2026-05-17 22:28:43.920229+00:00,2026-05-17 21:45:00+00:00,2026-05-17 22:28:43.920229+00:00,2026-05-17 21:45:00+00:00,BERA/USD:USD,short,dist_rolling_7d_high_0_13977644_mkt_ret_eq_24h_-0_56630391_rolling_range_20_-0_40672407,20260321_140000,20260321_140000,portfolio_rejected,symbol_already_active,,False,0.8749562171628722,0.69,,,,,False,False
2026-05-17 23:04:37.876821+00:00,2026-05-17 22:00:00+00:00,2026-05-17 23:04:37.876821+00:00,2026-05-17 22:00:00+00:00,CGPT/USD:USD,long,prior_range_0_84333628_range_24h_pct_0_10307747,20260321_140000,20260321_140000,portfolio_rejected,symbol_already_active,,False,0.9503253796095444,0.71,,,,,False,False
2026-05-17 23:04:37.876821+00:00,2026-05-17 22:00:00+00:00,2026-05-17 23:04:37.876821+00:00,2026-05-17 22:00:00+00:00,ME/USD:USD,long,dist_weekly_vwap_0_074823022_loc_prev_week_range_pos_48_0_48354843_mkt_ret_eq_24h_-0_43956268_volume_autocorr_48_-0_38378653,20260321_140000,20260321_140000,traded,,,True,0.8915411009995524,0.6799999999999999,-221.456574737795,25.163563160543557,,,False,False
2026-05-17 23:04:37.876821+00:00,2026-05-17 22:00:00+00:00,2026-05-17 23:04:37.876821+00:00,2026-05-17 22:00:00+00:00,VET/USD:USD,long,dist_weekly_vwap_0_074823022_loc_prev_week_range_pos_48_0_48354843_mkt_ret_eq_24h_-0_43956268_volume_autocorr_48_-0_38378653,20260321_140000,20260321_140000,portfolio_rejected,rank_below_dynamic_threshold,,False,0.8611069670296883,0.6799999999999999,,,,,False,False
2026-05-17 23:04:37.876821+00:00,2026-05-17 22:00:00+00:00,2026-05-17 23:04:37.876821+00:00,2026-05-17 22:00:00+00:00,KAT/USD:USD,short,dist_rolling_7d_high_0_13977644_mkt_ret_eq_24h_-0_56630391_rolling_range_20_-0_40672407,20260321_140000,20260321_140000,liquidity_rejected,,spread_above_hard_max,False,0.9423817863397548,0.69,,,,,False,False
2026-05-18 00:05:00.187712+00:00,2026-05-17 23:00:00+00:00,2026-05-18 00:05:00.187712+00:00,2026-05-17 23:00:00+00:00,SAGA/USD:USD,long,prior_range_0_84333628_range_24h_pct_0_10307747,20260321_140000,20260321_140000,traded,,,True,0.9436008676789588,0.71,23.923499291749195,23.866348448688033,,,False,False
2026-05-18 00:05:00.187712+00:00,2026-05-17 23:00:00+00:00,2026-05-18 00:05:00.187712+00:00,2026-05-17 23:00:00+00:00,GMT/USD:USD,long,dist_weekly_vwap_0_074823022_loc_prev_week_range_pos_48_0_48354843_mkt_ret_eq_24h_-0_43956268_volume_autocorr_48_-0_38378653,20260321_140000,20260321_140000,traded,,,True,0.909741906608981,0.6799999999999999,72.18438802249372,33.444816053512,,,False,False
2026-05-18 00:05:00.187712+00:00,2026-05-17 23:00:00+00:00,2026-05-18 00:05:00.187712+00:00,2026-05-17 23:00:00+00:00,ZEN/USD:USD,long,dist_weekly_vwap_0_074823022_loc_prev_week_range_pos_48_0_48354843_mkt_ret_eq_24h_-0_43956268_volume_autocorr_48_-0_38378653,20260321_140000,20260321_140000,traded,,,True,0.902133373116515,0.6799999999999999,-59.115774281497394,4.309230371455565,,,False,False
2026-05-18 00:05:00.187712+00:00,2026-05-17 23:00:00+00:00,2026-05-18 00:05:00.187712+00:00,2026-05-17 23:00:00+00:00,KAT/USD:USD,short,dist_rolling_7d_high_0_13977644_mkt_ret_eq_24h_-0_56630391_rolling_range_20_-0_40672407,20260321_140000,20260321_140000,portfolio_rejected,below_live_test_min_notional_after_caps,,False,0.9490367775831874,0.69,,,,,False,False
2026-05-18 01:04:53.902323+00:00,2026-05-18 00:00:00+00:00,2026-05-18 01:04:53.902323+00:00,2026-05-18 00:00:00+00:00,SUSHI/USD:USD,long,dist_weekly_vwap_0_074823022_loc_prev_week_range_pos_48_0_48354843_mkt_ret_eq_24h_-0_43956268_volume_autocorr_48_-0_38378653,20260321_140000,20260321_140000,portfolio_rejected,below_live_test_min_notional_after_caps,,False,0.9753841563479039,0.6799999999999999,,,,,False,False
2026-05-18 01:04:53.902323+00:00,2026-05-18 00:00:00+00:00,2026-05-18 01:04:53.902323+00:00,2026-05-18 00:00:00+00:00,MINA/USD:USD,long,dist_weekly_vwap_0_074823022_loc_prev_week_range_pos_48_0_48354843_mkt_ret_eq_24h_-0_43956268_volume_autocorr_48_-0_38378653,20260321_140000,20260321_140000,portfolio_rejected,below_live_test_min_notional_after_caps,,False,0.9713561092048336,0.6799999999999999,,,,,False,False
2026-05-18 01:04:53.902323+00:00,2026-05-18 00:00:00+00:00,2026-05-18 01:04:53.902323+00:00,2026-05-18 00:00:00+00:00,ALT/USD:USD,long,dist_weekly_vwap_0_074823022_loc_prev_week_range_pos_48_0_48354843_mkt_ret_eq_24h_-0_43956268_volume_autocorr_48_-0_38378653,20260321_140000,20260321_140000,portfolio_rejected,below_live_test_min_notional_after_caps,,False,0.9689691183052365,0.6799999999999999,,,,,False,False
2026-05-18 01:04:53.902323+00:00,2026-05-18 00:00:00+00:00,2026-05-18 01:04:53.902323+00:00,2026-05-18 00:00:00+00:00,NIGHT/USD:USD,short,dist_rolling_7d_high_0_13977644_mkt_ret_eq_24h_-0_56630391_rolling_range_20_-0_40672407,20260321_140000,20260321_140000,portfolio_rejected,symbol_already_active,,False,0.9269702276707531,0.69,,,,,False,False
2026-05-18 01:04:53.902323+00:00,2026-05-18 00:00:00+00:00,2026-05-18 01:04:53.902323+00:00,2026-05-18 00:00:00+00:00,WLD/USD:USD,short,dist_rolling_7d_high_0_13977644_mkt_ret_eq_24h_-0_56630391_rolling_range_20_-0_40672407,20260321_140000,20260321_140000,portfolio_rejected,rank_below_dynamic_threshold,,False,0.8814360770577934,0.69,,,,,False,False
2026-05-18 01:04:53.902323+00:00,2026-05-18 00:00:00+00:00,2026-05-18 01:04:53.902323+00:00,2026-05-18 00:00:00+00:00,TRUMP/USD:USD,short,dist_rolling_7d_high_0_13977644_mkt_ret_eq_24h_-0_56630391_rolling_range_20_-0_40672407,20260321_140000,20260321_140000,portfolio_rejected,rank_below_dynamic_threshold,,False,0.8677758318739054,0.69,,,,,False,False
2026-05-18 02:04:56.738822+00:00,2026-05-18 01:00:00+00:00,2026-05-18 02:04:56.738822+00:00,2026-05-18 01:00:00+00:00,SUSHI/USD:USD,long,dist_weekly_vwap_0_074823022_loc_prev_week_range_pos_48_0_48354843_mkt_ret_eq_24h_-0_43956268_volume_autocorr_48_-0_38378653,20260321_140000,20260321_140000,portfolio_rejected,below_live_test_min_notional_after_caps,,False,0.9713561092048336,0.6799999999999999,,,,,False,False
2026-05-18 02:04:56.738822+00:00,2026-05-18 01:00:00+00:00,2026-05-18 02:04:56.738822+00:00,2026-05-18 01:00:00+00:00,MINA/USD:USD,long,dist_weekly_vwap_0_074823022_loc_prev_week_range_pos_48_0_48354843_mkt_ret_eq_24h_-0_43956268_volume_autocorr_48_-0_38378653,20260321_140000,20260321_140000,portfolio_rejected,below_live_test_min_notional_after_caps,,False,0.9689691183052365,0.6799999999999999,,,,,False,False
2026-05-18 02:04:56.738822+00:00,2026-05-18 01:00:00+00:00,2026-05-18 02:04:56.738822+00:00,2026-05-18 01:00:00+00:00,IO/USD:USD,long,dist_weekly_vwap_0_074823022_loc_prev_week_range_pos_48_0_48354843_mkt_ret_eq_24h_-0_43956268_volume_autocorr_48_-0_38378653,20260321_140000,20260321_140000,portfolio_rejected,below_live_test_min_notional_after_caps,,False,0.9667313143368641,0.6799999999999999,,,,,False,False
2026-05-18 02:04:56.738822+00:00,2026-05-18 01:00:00+00:00,2026-05-18 02:04:56.738822+00:00,2026-05-18 01:00:00+00:00,TRUMP/USD:USD,short,dist_rolling_7d_high_0_13977644_mkt_ret_eq_24h_-0_56630391_rolling_range_20_-0_40672407,20260321_140000,20260321_140000,portfolio_rejected,below_live_test_min_notional_after_caps,,False,0.942907180385289,0.69,,,,,False,False
2026-05-18 02:04:56.738822+00:00,2026-05-18 01:00:00+00:00,2026-05-18 02:04:56.738822+00:00,2026-05-18 01:00:00+00:00,W/USD:USD,short,dist_rolling_7d_high_0_13977644_mkt_ret_eq_24h_-0_56630391_rolling_range_20_-0_40672407,20260321_140000,20260321_140000,portfolio_rejected,rank_below_dynamic_threshold,,False,0.8903677758318739,0.69,,,,,False,False
2026-05-18 02:04:56.738822+00:00,2026-05-18 01:00:00+00:00,2026-05-18 02:04:56.738822+00:00,2026-05-18 01:00:00+00:00,ZRO/USD:USD,short,dist_rolling_7d_high_0_13977644_mkt_ret_eq_24h_-0_56630391_rolling_range_20_-0_40672407,20260321_140000,20260321_140000,portfolio_rejected,rank_below_dynamic_threshold,,False,0.8786339754816113,0.69,,,,,False,False
2026-05-18 03:04:53.660554+00:00,2026-05-18 02:00:00+00:00,2026-05-18 03:04:53.660554+00:00,2026-05-18 02:00:00+00:00,ENS/USD:USD,long,dist_weekly_vwap_0_074823022_loc_prev_week_range_pos_48_0_48354843_mkt_ret_eq_24h_-0_43956268_volume_autocorr_48_-0_38378653,20260321_140000,20260321_140000,portfolio_rejected,below_live_test_min_notional_after_caps,,False,0.9692674921676862,0.6799999999999999,,,,,False,False
2026-05-18 03:04:53.660554+00:00,2026-05-18 02:00:00+00:00,2026-05-18 03:04:53.660554+00:00,2026-05-18 02:00:00+00:00,VIRTUAL/USD:USD,long,dist_weekly_vwap_0_074823022_loc_prev_week_range_pos_48_0_48354843_mkt_ret_eq_24h_-0_43956268_volume_autocorr_48_-0_38378653,20260321_140000,20260321_140000,portfolio_rejected,below_live_test_min_notional_after_caps,,False,0.9628524541250186,0.6799999999999999,,,,,False,False
2026-05-18 03:04:53.660554+00:00,2026-05-18 02:00:00+00:00,2026-05-18 03:04:53.660554+00:00,2026-05-18 02:00:00+00:00,IO/USD:USD,long,dist_weekly_vwap_0_074823022_loc_prev_week_range_pos_48_0_48354843_mkt_ret_eq_24h_-0_43956268_volume_autocorr_48_-0_38378653,20260321_140000,20260321_140000,portfolio_rejected,below_live_test_min_notional_after_caps,,False,0.9585260331194987,0.6799999999999999,,,,,False,False
2026-05-18 03:04:53.660554+00:00,2026-05-18 02:00:00+00:00,2026-05-18 03:04:53.660554+00:00,2026-05-18 02:00:00+00:00,TRUMP/USD:USD,short,dist_rolling_7d_high_0_13977644_mkt_ret_eq_24h_-0_56630391_rolling_range_20_-0_40672407,20260321_140000,20260321_140000,portfolio_rejected,below_live_test_min_notional_after_caps,,False,0.9518388791593695,0.69,,,,,False,False
2026-05-18 03:04:53.660554+00:00,2026-05-18 02:00:00+00:00,2026-05-18 03:04:53.660554+00:00,2026-05-18 02:00:00+00:00,ZRO/USD:USD,short,dist_rolling_7d_high_0_13977644_mkt_ret_eq_24h_-0_56630391_rolling_range_20_-0_40672407,20260321_140000,20260321_140000,portfolio_rejected,rank_below_dynamic_threshold,,False,0.912784588441331,0.69,,,,,False,False
2026-05-18 03:04:53.660554+00:00,2026-05-18 02:00:00+00:00,2026-05-18 03:04:53.660554+00:00,2026-05-18 02:00:00+00:00,WLD/USD:USD,short,dist_rolling_7d_high_0_13977644_mkt_ret_eq_24h_-0_56630391_rolling_range_20_-0_40672407,20260321_140000,20260321_140000,portfolio_rejected,rank_below_dynamic_threshold,,False,0.91138353765324,0.69,,,,,False,False
2026-05-18 04:04:56.925847+00:00,2026-05-18 03:00:00+00:00,2026-05-18 04:04:56.925847+00:00,2026-05-18 03:00:00+00:00,SUSHI/USD:USD,long,dist_weekly_vwap_0_074823022_loc_prev_week_range_pos_48_0_48354843_mkt_ret_eq_24h_-0_43956268_volume_autocorr_48_-0_38378653,20260321_140000,20260321_140000,portfolio_rejected,below_live_test_min_notional_after_caps,,False,0.9686707444427868,0.6799999999999999,,,,,False,False
2026-05-18 04:04:56.925847+00:00,2026-05-18 03:00:00+00:00,2026-05-18 04:04:56.925847+00:00,2026-05-18 03:00:00+00:00,ENS/USD:USD,long,dist_weekly_vwap_0_074823022_loc_prev_week_range_pos_48_0_48354843_mkt_ret_eq_24h_-0_43956268_volume_autocorr_48_-0_38378653,20260321_140000,20260321_140000,portfolio_rejected,below_live_test_min_notional_after_caps,,False,0.9482321348649858,0.6799999999999999,,,,,False,False
2026-05-18 04:04:56.925847+00:00,2026-05-18 03:00:00+00:00,2026-05-18 04:04:56.925847+00:00,2026-05-18 03:00:00+00:00,ZEN/USD:USD,long,dist_weekly_vwap_0_074823022_loc_prev_week_range_pos_48_0_48354843_mkt_ret_eq_24h_-0_43956268_volume_autocorr_48_-0_38378653,20260321_140000,20260321_140000,portfolio_rejected,symbol_already_active,,False,0.948082947933761,0.6799999999999999,,,,,False,False
2026-05-18 04:04:56.925847+00:00,2026-05-18 03:00:00+00:00,2026-05-18 04:04:56.925847+00:00,2026-05-18 03:00:00+00:00,ETHFI/USD:USD,short,dist_rolling_7d_high_0_13977644_mkt_ret_eq_24h_-0_56630391_rolling_range_20_-0_40672407,20260321_140000,20260321_140000,portfolio_rejected,rank_below_dynamic_threshold,,False,0.9117338003502627,0.69,,,,,False,False
2026-05-18 04:04:56.925847+00:00,2026-05-18 03:00:00+00:00,2026-05-18 04:04:56.925847+00:00,2026-05-18 03:00:00+00:00,TRUMP/USD:USD,short,dist_rolling_7d_high_0_13977644_mkt_ret_eq_24h_-0_56630391_rolling_range_20_-0_40672407,20260321_140000,20260321_140000,portfolio_rejected,rank_below_dynamic_threshold,,False,0.8824868651488617,0.69,,,,,False,False
2026-05-18 04:04:56.925847+00:00,2026-05-18 03:00:00+00:00,2026-05-18 04:04:56.925847+00:00,2026-05-18 03:00:00+00:00,COW/USD:USD,short,dist_rolling_7d_high_0_13977644_mkt_ret_eq_24h_-0_56630391_rolling_range_20_-0_40672407,20260321_140000,20260321_140000,portfolio_rejected,rank_below_dynamic_threshold,,False,0.8602451838879159,0.69,,,,,False,False
2026-05-18 05:04:54.565717+00:00,2026-05-18 04:00:00+00:00,2026-05-18 05:04:54.565717+00:00,2026-05-18 04:00:00+00:00,MINA/USD:USD,long,dist_weekly_vwap_0_074823022_loc_prev_week_range_pos_48_0_48354843_mkt_ret_eq_24h_-0_43956268_volume_autocorr_48_-0_38378653,20260321_140000,20260321_140000,portfolio_rejected,below_live_test_min_notional_after_caps,,False,0.9300313292555572,0.6799999999999999,,,,,False,False
2026-05-18 05:04:54.565717+00:00,2026-05-18 04:00:00+00:00,2026-05-18 05:04:54.565717+00:00,2026-05-18 04:00:00+00:00,PUMP/USD:USD,long,dist_weekly_vwap_0_074823022_loc_prev_week_range_pos_48_0_48354843_mkt_ret_eq_24h_-0_43956268_volume_autocorr_48_-0_38378653,20260321_140000,20260321_140000,portfolio_rejected,below_live_test_min_notional_after_caps,,False,0.9204833656571685,0.6799999999999999,,,,,False,False
2026-05-18 05:04:54.565717+00:00,2026-05-18 04:00:00+00:00,2026-05-18 05:04:54.565717+00:00,2026-05-18 04:00:00+00:00,GMT/USD:USD,long,dist_weekly_vwap_0_074823022_loc_prev_week_range_pos_48_0_48354843_mkt_ret_eq_24h_-0_43956268_volume_autocorr_48_-0_38378653,20260321_140000,20260321_140000,portfolio_rejected,symbol_already_active,,False,0.9185439355512457,0.6799999999999999,,,,,False,False
2026-05-18 05:04:54.565717+00:00,2026-05-18 04:00:00+00:00,2026-05-18 05:04:54.565717+00:00,2026-05-18 04:00:00+00:00,TRUMP/USD:USD,short,dist_rolling_7d_high_0_13977644_mkt_ret_eq_24h_-0_56630391_rolling_range_20_-0_40672407,20260321_140000,20260321_140000,portfolio_rejected,below_live_test_min_notional_after_caps,,False,0.9485113835376532,0.69,,,,,False,False
2026-05-18 05:04:54.565717+00:00,2026-05-18 04:00:00+00:00,2026-05-18 05:04:54.565717+00:00,2026-05-18 04:00:00+00:00,PENDLE/USD:USD,short,loc_ema_stack_pos_24_0_43357179_compression_ratio_-0_33411601_mkt_ret_eq_24h_1_1280091_mkt_ret_eq_24h_-0_81129736_up_down_semivol_ratio_tanh_-0_39156261,20260321_140000,20260321_140000,portfolio_rejected,below_live_test_min_notional_after_caps,,False,0.9260885932990337,0.6799999999999999,,,,,False,False
2026-05-18 05:04:54.565717+00:00,2026-05-18 04:00:00+00:00,2026-05-18 05:04:54.565717+00:00,2026-05-18 04:00:00+00:00,ETHFI/USD:USD,short,dist_rolling_7d_high_0_13977644_mkt_ret_eq_24h_-0_56630391_rolling_range_20_-0_40672407,20260321_140000,20260321_140000,portfolio_rejected,rank_below_dynamic_threshold,,False,0.8870402802101576,0.69,,,,,False,False
2026-05-18 06:05:10.514982+00:00,2026-05-18 05:00:00+00:00,2026-05-18 06:05:10.514982+00:00,2026-05-18 05:00:00+00:00,EGLD/USD:USD,long,dist_weekly_vwap_0_074823022_loc_prev_week_range_pos_48_0_48354843_mkt_ret_eq_24h_-0_43956268_volume_autocorr_48_-0_38378653,20260321_140000,20260321_140000,portfolio_rejected,below_live_test_min_notional_after_caps,,False,0.9665821274056393,0.6799999999999999,,,,,False,False
2026-05-18 06:05:10.514982+00:00,2026-05-18 05:00:00+00:00,2026-05-18 06:05:10.514982+00:00,2026-05-18 05:00:00+00:00,GMT/USD:USD,long,dist_weekly_vwap_0_074823022_loc_prev_week_range_pos_48_0_48354843_mkt_ret_eq_24h_-0_43956268_volume_autocorr_48_-0_38378653,20260321_140000,20260321_140000,portfolio_rejected,symbol_already_active,,False,0.9652394450246159,0.6799999999999999,,,,,False,False
2026-05-18 06:05:10.514982+00:00,2026-05-18 05:00:00+00:00,2026-05-18 06:05:10.514982+00:00,2026-05-18 05:00:00+00:00,SUSHI/USD:USD,long,dist_weekly_vwap_0_074823022_loc_prev_week_range_pos_48_0_48354843_mkt_ret_eq_24h_-0_43956268_volume_autocorr_48_-0_38378653,20260321_140000,20260321_140000,portfolio_rejected,below_live_test_min_notional_after_caps,,False,0.9504699388333582,0.6799999999999999,,,,,False,False
2026-05-18 06:05:10.514982+00:00,2026-05-18 05:00:00+00:00,2026-05-18 06:05:10.514982+00:00,2026-05-18 05:00:00+00:00,ETHFI/USD:USD,short,dist_rolling_7d_high_0_13977644_mkt_ret_eq_24h_-0_56630391_rolling_range_20_-0_40672407,20260321_140000,20260321_140000,portfolio_rejected,rank_below_dynamic_threshold,,False,0.8917688266199649,0.69,,,,,False,False
2026-05-18 06:05:10.514982+00:00,2026-05-18 05:00:00+00:00,2026-05-18 06:05:10.514982+00:00,2026-05-18 05:00:00+00:00,UMA/USD:USD,short,loc_ema_stack_pos_24_0_43357179_compression_ratio_-0_33411601_mkt_ret_eq_24h_1_1280091_mkt_ret_eq_24h_-0_81129736_up_down_semivol_ratio_tanh_-0_39156261,20260321_140000,20260321_140000,portfolio_rejected,rank_below_dynamic_threshold,,False,0.8799096498933366,0.6799999999999999,,,,,False,False
2026-05-18 06:05:10.514982+00:00,2026-05-18 05:00:00+00:00,2026-05-18 06:05:10.514982+00:00,2026-05-18 05:00:00+00:00,COW/USD:USD,short,dist_rolling_7d_high_0_13977644_mkt_ret_eq_24h_-0_56630391_rolling_range_20_-0_40672407,20260321_140000,20260321_140000,portfolio_rejected,rank_below_dynamic_threshold,,False,0.8567425569176883,0.69,,,,,False,False
2026-05-18 06:14:14.456577+00:00,2026-05-18 06:00:00+00:00,2026-05-18 06:14:14.456577+00:00,2026-05-18 06:00:00+00:00,XRP/USD:USD,long,dist_weekly_vwap_0_074823022_loc_prev_week_range_pos_48_0_48354843_mkt_ret_eq_24h_-0_43956268_volume_autocorr_48_-0_38378653,20260321_140000,20260321_140000,traded,,,True,0.9762792779352528,0.6799999999999999,7.444422859776978,0.3611229479188086,,,False,False
2026-05-18 06:14:14.456577+00:00,2026-05-18 06:00:00+00:00,2026-05-18 06:14:14.456577+00:00,2026-05-18 06:00:00+00:00,GMT/USD:USD,long,dist_weekly_vwap_0_074823022_loc_prev_week_range_pos_48_0_48354843_mkt_ret_eq_24h_-0_43956268_volume_autocorr_48_-0_38378653,20260321_140000,20260321_140000,portfolio_rejected,symbol_already_active,,False,0.9664329404744144,0.6799999999999999,,,,,False,False
2026-05-18 06:14:14.456577+00:00,2026-05-18 06:00:00+00:00,2026-05-18 06:14:14.456577+00:00,2026-05-18 06:00:00+00:00,SUSHI/USD:USD,long,dist_weekly_vwap_0_074823022_loc_prev_week_range_pos_48_0_48354843_mkt_ret_eq_24h_-0_43956268_volume_autocorr_48_-0_38378653,20260321_140000,20260321_140000,traded,,,True,0.9621065194688945,0.6799999999999999,28.873873503054703,4.798464491362235,,,False,False
2026-05-18 06:14:14.456577+00:00,2026-05-18 06:00:00+00:00,2026-05-18 06:14:14.456577+00:00,2026-05-18 06:00:00+00:00,UMA/USD:USD,short,loc_ema_stack_pos_24_0_43357179_compression_ratio_-0_33411601_mkt_ret_eq_24h_1_1280091_mkt_ret_eq_24h_-0_81129736_up_down_semivol_ratio_tanh_-0_39156261,20260321_140000,20260321_140000,portfolio_rejected,rank_below_dynamic_threshold,,False,0.9662441962605095,0.6799999999999999,141.6027789503871,23.382696804364667,,,False,False
2026-05-18 06:14:14.456577+00:00,2026-05-18 06:00:00+00:00,2026-05-18 06:14:14.456577+00:00,2026-05-18 06:00:00+00:00,ETHFI/USD:USD,short,dist_rolling_7d_high_0_13977644_mkt_ret_eq_24h_-0_56630391_rolling_range_20_-0_40672407,20260321_140000,20260321_140000,portfolio_rejected,rank_below_dynamic_threshold,,False,0.9436077057793345,0.69,89.98417429803784,19.73943939992106,,,False,False
2026-05-18 06:14:14.456577+00:00,2026-05-18 06:00:00+00:00,2026-05-18 06:14:14.456577+00:00,2026-05-18 06:00:00+00:00,TRUMP/USD:USD,short,dist_rolling_7d_high_0_13977644_mkt_ret_eq_24h_-0_56630391_rolling_range_20_-0_40672407,20260321_140000,20260321_140000,portfolio_rejected,rank_below_dynamic_threshold,,False,0.9117338003502627,0.69,,,,,False,False
2026-05-18 07:03:59.166612+00:00,2026-05-18 06:00:00+00:00,2026-05-18 07:03:59.166612+00:00,2026-05-18 06:00:00+00:00,XRP/USD:USD,long,dist_weekly_vwap_0_074823022_loc_prev_week_range_pos_48_0_48354843_mkt_ret_eq_24h_-0_43956268_volume_autocorr_48_-0_38378653,20260321_140000,20260321_140000,portfolio_rejected,symbol_already_active,,False,0.9762792779352528,0.6799999999999999,,,,,False,False
2026-05-18 07:03:59.166612+00:00,2026-05-18 06:00:00+00:00,2026-05-18 07:03:59.166612+00:00,2026-05-18 06:00:00+00:00,GMT/USD:USD,long,dist_weekly_vwap_0_074823022_loc_prev_week_range_pos_48_0_48354843_mkt_ret_eq_24h_-0_43956268_volume_autocorr_48_-0_38378653,20260321_140000,20260321_140000,portfolio_rejected,symbol_already_active,,False,0.9664329404744144,0.6799999999999999,,,,,False,False
2026-05-18 07:03:59.166612+00:00,2026-05-18 06:00:00+00:00,2026-05-18 07:03:59.166612+00:00,2026-05-18 06:00:00+00:00,SUSHI/USD:USD,long,dist_weekly_vwap_0_074823022_loc_prev_week_range_pos_48_0_48354843_mkt_ret_eq_24h_-0_43956268_volume_autocorr_48_-0_38378653,20260321_140000,20260321_140000,portfolio_rejected,symbol_already_active,,False,0.9621065194688945,0.6799999999999999,,,,,False,False
2026-05-18 07:03:59.166612+00:00,2026-05-18 06:00:00+00:00,2026-05-18 07:03:59.166612+00:00,2026-05-18 06:00:00+00:00,UMA/USD:USD,short,loc_ema_stack_pos_24_0_43357179_compression_ratio_-0_33411601_mkt_ret_eq_24h_1_1280091_mkt_ret_eq_24h_-0_81129736_up_down_semivol_ratio_tanh_-0_39156261,20260321_140000,20260321_140000,traded,,,True,0.9662441962605095,0.6799999999999999,131.7235255276672,15.572858731924498,,,False,False
2026-05-18 07:03:59.166612+00:00,2026-05-18 06:00:00+00:00,2026-05-18 07:03:59.166612+00:00,2026-05-18 06:00:00+00:00,ETHFI/USD:USD,short,dist_rolling_7d_high_0_13977644_mkt_ret_eq_24h_-0_56630391_rolling_range_20_-0_40672407,20260321_140000,20260321_140000,portfolio_rejected,rank_below_dynamic_threshold,,False,0.9436077057793345,0.69,,,,,False,False
2026-05-18 07:03:59.166612+00:00,2026-05-18 06:00:00+00:00,2026-05-18 07:03:59.166612+00:00,2026-05-18 06:00:00+00:00,TRUMP/USD:USD,short,dist_rolling_7d_high_0_13977644_mkt_ret_eq_24h_-0_56630391_rolling_range_20_-0_40672407,20260321_140000,20260321_140000,portfolio_rejected,rank_below_dynamic_threshold,,False,0.9117338003502627,0.69,,,,,False,False
2026-05-18 08:05:09.279749+00:00,2026-05-18 07:00:00+00:00,2026-05-18 08:05:09.279749+00:00,2026-05-18 07:00:00+00:00,XRP/USD:USD,long,dist_weekly_vwap_0_074823022_loc_prev_week_range_pos_48_0_48354843_mkt_ret_eq_24h_-0_43956268_volume_autocorr_48_-0_38378653,20260321_140000,20260321_140000,portfolio_rejected,symbol_already_active,,False,0.9653886319558407,0.6799999999999999,,,,,False,False
2026-05-18 08:05:09.279749+00:00,2026-05-18 07:00:00+00:00,2026-05-18 08:05:09.279749+00:00,2026-05-18 07:00:00+00:00,EIGEN/USD:USD,long,dist_weekly_vwap_0_074823022_loc_prev_week_range_pos_48_0_48354843_mkt_ret_eq_24h_-0_43956268_volume_autocorr_48_-0_38378653,20260321_140000,20260321_140000,portfolio_rejected,below_live_test_min_notional_after_caps,,False,0.9561390422199015,0.6799999999999999,,,,,False,False
2026-05-18 08:05:09.279749+00:00,2026-05-18 07:00:00+00:00,2026-05-18 08:05:09.279749+00:00,2026-05-18 07:00:00+00:00,RUNE/USD:USD,long,dist_weekly_vwap_0_074823022_loc_prev_week_range_pos_48_0_48354843_mkt_ret_eq_24h_-0_43956268_volume_autocorr_48_-0_38378653,20260321_140000,20260321_140000,portfolio_rejected,below_live_test_min_notional_after_caps,,False,0.9500223780396837,0.6799999999999999,,,,,False,False
2026-05-18 08:05:09.279749+00:00,2026-05-18 07:00:00+00:00,2026-05-18 08:05:09.279749+00:00,2026-05-18 07:00:00+00:00,GRT/USD:USD,short,loc_ema_stack_pos_24_0_43357179_compression_ratio_-0_33411601_mkt_ret_eq_24h_1_1280091_mkt_ret_eq_24h_-0_81129736_up_down_semivol_ratio_tanh_-0_39156261,20260321_140000,20260321_140000,portfolio_rejected,below_live_test_min_notional_after_caps,,False,0.9771615008156607,0.6799999999999999,,,,,False,False
2026-05-18 08:05:09.279749+00:00,2026-05-18 07:00:00+00:00,2026-05-18 08:05:09.279749+00:00,2026-05-18 07:00:00+00:00,ETHFI/USD:USD,short,dist_rolling_7d_high_0_13977644_mkt_ret_eq_24h_-0_56630391_rolling_range_20_-0_40672407,20260321_140000,20260321_140000,portfolio_rejected,below_live_test_min_notional_after_caps,,False,0.9409807355516637,0.69,,,,,False,False
2026-05-18 08:05:09.279749+00:00,2026-05-18 07:00:00+00:00,2026-05-18 08:05:09.279749+00:00,2026-05-18 07:00:00+00:00,ADA/USD:USD,short,loc_ema_stack_pos_24_0_43357179_compression_ratio_-0_33411601_mkt_ret_eq_24h_1_1280091_mkt_ret_eq_24h_-0_81129736_up_down_semivol_ratio_tanh_-0_39156261,20260321_140000,20260321_140000,portfolio_rejected,below_live_test_min_notional_after_caps,,False,0.9322374200025098,0.6799999999999999,,,,,False,False
2026-05-24 08:40:48.778299+00:00,2026-05-24 08:00:00+00:00,2026-05-24 08:40:48.778299+00:00,2026-05-24 08:00:00+00:00,ME/USD:USD,short,loc_ema_stack_pos_24_0_43357179_compression_ratio_-0_33411601_mkt_ret_eq_24h_1_1280091_mkt_ret_eq_24h_-0_81129736_up_down_semivol_ratio_tanh_-0_39156261,20260523_015947,20260523_015947,price_gap_rejected,stale_entry_price_moved_too_far,,False,0.8654936461388074,0.6799999999999999,,,,,False,False
2026-05-24 08:49:41.773134+00:00,2026-05-24 08:00:00+00:00,2026-05-24 08:49:41.773134+00:00,2026-05-24 08:00:00+00:00,ME/USD:USD,short,loc_ema_stack_pos_24_0_43357179_compression_ratio_-0_33411601_mkt_ret_eq_24h_1_1280091_mkt_ret_eq_24h_-0_81129736_up_down_semivol_ratio_tanh_-0_39156261,20260523_015947,20260523_015947,price_gap_rejected,stale_entry_price_moved_too_far,,False,0.8654936461388074,0.6799999999999999,,,,,False,False
2026-05-24 09:20:38.101044+00:00,2026-05-24 08:00:00+00:00,2026-05-24 09:20:38.101044+00:00,2026-05-24 08:00:00+00:00,ME/USD:USD,short,loc_ema_stack_pos_24_0_43357179_compression_ratio_-0_33411601_mkt_ret_eq_24h_1_1280091_mkt_ret_eq_24h_-0_81129736_up_down_semivol_ratio_tanh_-0_39156261,20260523_015947,20260523_015947,rank_rejected,rank_below_dynamic_threshold,,False,0.0,0.6799999999999999,,,,,False,False
2026-05-24 14:11:14.143358+00:00,2026-05-24 13:00:00+00:00,2026-05-24 14:11:14.143358+00:00,2026-05-24 13:00:00+00:00,ORCA/USD:USD,short,loc_ema_stack_pos_24_0_43357179_compression_ratio_-0_33411601_mkt_ret_eq_24h_1_1280091_mkt_ret_eq_24h_-0_81129736_up_down_semivol_ratio_tanh_-0_39156261,20260523_015947,20260523_015947,liquidity_rejected,,spread_above_hard_max,False,0.9683346364347146,0.6799999999999999,,,,,False,False
2026-05-26 09:11:59.355465+00:00,2026-05-26 08:00:00+00:00,2026-05-26 09:11:59.355465+00:00,2026-05-26 08:00:00+00:00,IP/USD:USD,short,dist_rolling_7d_high_0_13977644_mkt_ret_eq_24h_-0_56630391_rolling_range_20_-0_40672407,20260523_015947,20260523_015947,liquidity_rejected,,spread_above_hard_max,False,0.9385192876129076,0.8600000000000001,,,,,False,False
2026-05-26 09:11:59.355465+00:00,2026-05-26 08:00:00+00:00,2026-05-26 09:11:59.355465+00:00,2026-05-26 08:00:00+00:00,SPK/USD:USD,short,dist_rolling_7d_high_0_13977644_mkt_ret_eq_24h_-0_56630391_rolling_range_20_-0_40672407,20260523_015947,20260523_015947,portfolio_rejected,rank_below_dynamic_threshold,,False,0.9119949212941444,0.8600000000000001,151.91788560274256,30.852294639413216,,,False,False
2026-05-26 09:48:24.629689+00:00,2026-05-26 08:00:00+00:00,2026-05-26 09:48:24.629689+00:00,2026-05-26 08:00:00+00:00,IP/USD:USD,short,dist_rolling_7d_high_0_13977644_mkt_ret_eq_24h_-0_56630391_rolling_range_20_-0_40672407,20260523_015947,20260523_015947,liquidity_rejected,,spread_above_hard_max,False,0.9385192876129076,0.8200000000000001,,,,,False,False
2026-05-26 09:48:24.629689+00:00,2026-05-26 08:00:00+00:00,2026-05-26 09:48:24.629689+00:00,2026-05-26 08:00:00+00:00,SPK/USD:USD,short,dist_rolling_7d_high_0_13977644_mkt_ret_eq_24h_-0_56630391_rolling_range_20_-0_40672407,20260523_015947,20260523_015947,liquidity_rejected,,spread_above_hard_max,False,0.9119949212941444,0.8200000000000001,,,,,False,False
2026-05-26 09:59:31.747822+00:00,2026-05-26 08:00:00+00:00,2026-05-26 09:59:31.747822+00:00,2026-05-26 08:00:00+00:00,IP/USD:USD,short,dist_rolling_7d_high_0_13977644_mkt_ret_eq_24h_-0_56630391_rolling_range_20_-0_40672407,20260523_015947,20260523_015947,liquidity_rejected,,spread_above_hard_max,False,0.9385192876129076,0.8200000000000001,,,,,False,False
2026-05-26 09:59:31.747822+00:00,2026-05-26 08:00:00+00:00,2026-05-26 09:59:31.747822+00:00,2026-05-26 08:00:00+00:00,SPK/USD:USD,short,dist_rolling_7d_high_0_13977644_mkt_ret_eq_24h_-0_56630391_rolling_range_20_-0_40672407,20260523_015947,20260523_015947,liquidity_rejected,,spread_above_hard_max,False,0.9119949212941444,0.8200000000000001,,,,,False,False
2026-05-26 14:11:30.773901+00:00,2026-05-26 13:00:00+00:00,2026-05-26 14:11:30.773901+00:00,2026-05-26 13:00:00+00:00,BONK/USD:USD,long,dist_weekly_vwap_0_074823022_loc_prev_week_range_pos_48_0_48354843_mkt_ret_eq_24h_-0_43956268_volume_autocorr_48_-0_38378653,20260523_015947,20260523_015947,rank_rejected,rank_below_dynamic_threshold,,False,0.9242137966143302,1.0,,,,,False,False
2026-05-26 15:24:56.313668+00:00,2026-05-26 14:00:00+00:00,2026-05-26 15:24:56.313668+00:00,2026-05-26 14:00:00+00:00,TRX/USD:USD,long,loc_prev_week_range_pos_48_0_42586401_loc_vwap_dev_z_24_0_10701825_zscore_price_50_1_0128103_mkt_ret_eq_24h_-0_78752208_up_down_return_mass_ratio_tanh_1_1231147,20260523_015947,20260523_015947,rank_rejected,rank_below_dynamic_threshold,,False,0.8755093294055861,0.863,,,,,False,False
2026-05-26 15:44:18.361124+00:00,2026-05-26 14:00:00+00:00,2026-05-26 15:44:18.361124+00:00,2026-05-26 14:00:00+00:00,AKT/USD:USD,long,dist_weekly_vwap_0_074823022_loc_prev_week_range_pos_48_0_48354843_mkt_ret_eq_24h_-0_43956268_volume_autocorr_48_-0_38378653,20260523_015947,20260523_015947,rank_rejected,rank_below_dynamic_threshold,,False,0.7304392356185497,0.7834,,,,,False,False
2026-05-26 15:44:18.361124+00:00,2026-05-26 14:00:00+00:00,2026-05-26 15:44:18.361124+00:00,2026-05-26 14:00:00+00:00,DYDX/USD:USD,long,loc_prev_week_range_pos_48_0_42586401_loc_vwap_dev_z_24_0_10701825_zscore_price_50_1_0128103_mkt_ret_eq_24h_-0_78752208_up_down_return_mass_ratio_tanh_1_1231147,20260523_015947,20260523_015947,rank_rejected,rank_below_dynamic_threshold,,False,0.7021491940270878,0.863,,,,,False,False
2026-05-26 15:44:18.361124+00:00,2026-05-26 14:00:00+00:00,2026-05-26 15:44:18.361124+00:00,2026-05-26 14:00:00+00:00,TRX/USD:USD,long,loc_prev_week_range_pos_48_0_42586401_loc_vwap_dev_z_24_0_10701825_zscore_price_50_1_0128103_mkt_ret_eq_24h_-0_78752208_up_down_return_mass_ratio_tanh_1_1231147,20260523_015947,20260523_015947,rank_rejected,rank_below_dynamic_threshold,,False,0.8755093294055861,0.863,,,,,False,False
2026-05-26 15:51:26.435992+00:00,2026-05-26 14:00:00+00:00,2026-05-26 15:51:26.435992+00:00,2026-05-26 14:00:00+00:00,AKT/USD:USD,long,dist_weekly_vwap_0_074823022_loc_prev_week_range_pos_48_0_48354843_mkt_ret_eq_24h_-0_43956268_volume_autocorr_48_-0_38378653,20260523_015947,20260523_015947,rank_rejected,rank_below_dynamic_threshold,,False,0.7304392356185497,0.7834,,,,,False,False
2026-05-26 15:51:26.435992+00:00,2026-05-26 14:00:00+00:00,2026-05-26 15:51:26.435992+00:00,2026-05-26 14:00:00+00:00,DYDX/USD:USD,long,loc_prev_week_range_pos_48_0_42586401_loc_vwap_dev_z_24_0_10701825_zscore_price_50_1_0128103_mkt_ret_eq_24h_-0_78752208_up_down_return_mass_ratio_tanh_1_1231147,20260523_015947,20260523_015947,rank_rejected,rank_below_dynamic_threshold,,False,0.7021491940270878,0.863,,,,,False,False
2026-05-26 15:51:26.435992+00:00,2026-05-26 14:00:00+00:00,2026-05-26 15:51:26.435992+00:00,2026-05-26 14:00:00+00:00,TRX/USD:USD,long,loc_prev_week_range_pos_48_0_42586401_loc_vwap_dev_z_24_0_10701825_zscore_price_50_1_0128103_mkt_ret_eq_24h_-0_78752208_up_down_return_mass_ratio_tanh_1_1231147,20260523_015947,20260523_015947,rank_rejected,rank_below_dynamic_threshold,,False,0.8755093294055861,0.863,,,,,False,False
2026-05-26 16:14:01.193339+00:00,2026-05-26 15:00:00+00:00,2026-05-26 16:14:01.193339+00:00,2026-05-26 15:00:00+00:00,APT/USD:USD,long,dist_weekly_vwap_0_074823022_loc_prev_week_range_pos_48_0_48354843_mkt_ret_eq_24h_-0_43956268_volume_autocorr_48_-0_38378653,20260523_015947,20260523_015947,rank_rejected,rank_below_dynamic_threshold,,False,0.7626530000382311,0.7834,,,,,False,False
2026-05-26 16:14:01.193339+00:00,2026-05-26 15:00:00+00:00,2026-05-26 16:14:01.193339+00:00,2026-05-26 15:00:00+00:00,TRX/USD:USD,long,loc_prev_week_range_pos_48_0_42586401_loc_vwap_dev_z_24_0_10701825_zscore_price_50_1_0128103_mkt_ret_eq_24h_-0_78752208_up_down_return_mass_ratio_tanh_1_1231147,20260523_015947,20260523_015947,rank_rejected,rank_below_dynamic_threshold,,False,0.87805371274727,0.863,,,,,False,False
2026-05-26 17:15:30.233912+00:00,2026-05-26 16:00:00+00:00,2026-05-26 17:15:30.233912+00:00,2026-05-26 16:00:00+00:00,APT/USD:USD,long,dist_weekly_vwap_0_074823022_loc_prev_week_range_pos_48_0_48354843_mkt_ret_eq_24h_-0_43956268_volume_autocorr_48_-0_38378653,20260523_015947,20260523_015947,rank_rejected,rank_below_dynamic_threshold,,False,0.7462981184239914,0.7834,,,,,False,False
2026-05-26 17:15:30.233912+00:00,2026-05-26 16:00:00+00:00,2026-05-26 17:15:30.233912+00:00,2026-05-26 16:00:00+00:00,TRX/USD:USD,long,loc_prev_week_range_pos_48_0_42586401_loc_vwap_dev_z_24_0_10701825_zscore_price_50_1_0128103_mkt_ret_eq_24h_-0_78752208_up_down_return_mass_ratio_tanh_1_1231147,20260523_015947,20260523_015947,rank_rejected,rank_below_dynamic_threshold,,False,0.8368385257265427,0.863,,,,,False,False
2026-05-26 19:18:04.478651+00:00,2026-05-26 18:00:00+00:00,2026-05-26 19:18:04.478651+00:00,2026-05-26 18:00:00+00:00,TON/USD:USD,long,loc_prev_week_range_pos_48_0_42586401_loc_vwap_dev_z_24_0_10701825_zscore_price_50_1_0128103_mkt_ret_eq_24h_-0_78752208_up_down_return_mass_ratio_tanh_1_1231147,20260523_015947,20260523_015947,rank_rejected,rank_below_dynamic_threshold,,False,0.7632697287802052,0.863,,,,,False,False
2026-05-27 03:11:25.249153+00:00,2026-05-27 02:00:00+00:00,2026-05-27 03:11:25.249153+00:00,2026-05-27 02:00:00+00:00,RARE/USD:USD,short,dist_rolling_7d_high_0_13977644_mkt_ret_eq_24h_-0_56630391_rolling_range_20_-0_40672407,20260523_015947,20260523_015947,portfolio_rejected,rank_below_dynamic_threshold,,False,0.6867601518782559,0.58,-42.67892317793675,35.959463877084254,,,False,False
2026-05-27 03:11:25.249153+00:00,2026-05-27 02:00:00+00:00,2026-05-27 03:11:25.249153+00:00,2026-05-27 02:00:00+00:00,MUBARAK/USD:USD,short,dist_rolling_7d_high_0_13977644_mkt_ret_eq_24h_-0_56630391_rolling_range_20_-0_40672407,20260523_015947,20260523_015947,portfolio_rejected,rank_below_dynamic_threshold,,False,0.6797829678234606,0.58,75.21489971346718,83.00252616383952,,,False,False
2026-05-27 04:11:22.610509+00:00,2026-05-27 03:00:00+00:00,2026-05-27 04:11:22.610509+00:00,2026-05-27 03:00:00+00:00,MUBARAK/USD:USD,short,dist_rolling_7d_high_0_13977644_mkt_ret_eq_24h_-0_56630391_rolling_range_20_-0_40672407,20260523_015947,20260523_015947,portfolio_rejected,rank_below_dynamic_threshold,,False,0.6967726876696507,0.58,247.13467048710692,47.741461623209666,,,False,False
2026-05-27 07:24:53.318873+00:00,2026-05-27 06:00:00+00:00,2026-05-27 07:24:53.318873+00:00,2026-05-27 06:00:00+00:00,MIRA/USD:USD,long,loc_prev_week_range_pos_48_0_42586401_loc_vwap_dev_z_24_0_10701825_zscore_price_50_1_0128103_mkt_ret_eq_24h_-0_78752208_up_down_return_mass_ratio_tanh_1_1231147,20260523_015947,20260523_015947,rank_rejected,rank_below_dynamic_threshold,,False,0.7006893679184348,0.863,,,,,False,False
2026-05-27 07:24:53.318873+00:00,2026-05-27 06:00:00+00:00,2026-05-27 07:24:53.318873+00:00,2026-05-27 06:00:00+00:00,MUBARAK/USD:USD,short,dist_rolling_7d_high_0_13977644_mkt_ret_eq_24h_-0_56630391_rolling_range_20_-0_40672407,20260523_015947,20260523_015947,price_gap_rejected,stale_entry_price_moved_too_far,,False,0.8287144073065755,0.58,,,,,False,False
2026-05-27 07:24:53.318873+00:00,2026-05-27 06:00:00+00:00,2026-05-27 07:24:53.318873+00:00,2026-05-27 06:00:00+00:00,REZ/USD:USD,short,dist_rolling_7d_high_0_13977644_mkt_ret_eq_24h_-0_56630391_rolling_range_20_-0_40672407,20260523_015947,20260523_015947,price_gap_rejected,stale_entry_price_moved_too_far,,False,0.6808866406292444,0.58,,,,,False,False
2026-05-27 08:10:38.387384+00:00,2026-05-27 07:00:00+00:00,2026-05-27 08:10:38.387384+00:00,2026-05-27 07:00:00+00:00,WIF/USD:USD,long,dist_weekly_vwap_0_074823022_loc_prev_week_range_pos_48_0_48354843_mkt_ret_eq_24h_-0_43956268_volume_autocorr_48_-0_38378653,20260523_015947,20260523_015947,rank_rejected,rank_below_dynamic_threshold,,False,0.7510951211021838,0.7834,,,,,False,False
2026-05-27 12:11:16.032808+00:00,2026-05-27 11:00:00+00:00,2026-05-27 12:11:16.032808+00:00,2026-05-27 11:00:00+00:00,ETH/USD:USD,long,dist_weekly_vwap_0_074823022_loc_prev_week_range_pos_48_0_48354843_mkt_ret_eq_24h_-0_43956268_volume_autocorr_48_-0_38378653,20260523_015947,20260523_015947,rank_rejected,rank_below_dynamic_threshold,,False,0.7641027653191194,0.7834,,,,,False,False
2026-05-27 15:11:31.638941+00:00,2026-05-27 14:00:00+00:00,2026-05-27 15:11:31.638941+00:00,2026-05-27 14:00:00+00:00,ETHFI/USD:USD,long,dist_weekly_vwap_0_074823022_loc_prev_week_range_pos_48_0_48354843_mkt_ret_eq_24h_-0_43956268_volume_autocorr_48_-0_38378653,20260523_015947,20260523_015947,rank_rejected,rank_below_dynamic_threshold,,False,0.7255577219871342,0.7834,,,,,False,False
2026-05-27 16:11:31.311986+00:00,2026-05-27 15:00:00+00:00,2026-05-27 16:11:31.311986+00:00,2026-05-27 15:00:00+00:00,DOT/USD:USD,long,dist_weekly_vwap_0_074823022_loc_prev_week_range_pos_48_0_48354843_mkt_ret_eq_24h_-0_43956268_volume_autocorr_48_-0_38378653,20260523_015947,20260523_015947,rank_rejected,rank_below_dynamic_threshold,,False,0.7613269829388483,0.7834,,,,,False,False
2026-05-27 16:11:31.311986+00:00,2026-05-27 15:00:00+00:00,2026-05-27 16:11:31.311986+00:00,2026-05-27 15:00:00+00:00,WIF/USD:USD,long,dist_weekly_vwap_0_074823022_loc_prev_week_range_pos_48_0_48354843_mkt_ret_eq_24h_-0_43956268_volume_autocorr_48_-0_38378653,20260523_015947,20260523_015947,rank_rejected,rank_below_dynamic_threshold,,False,0.7717238423508532,0.7834,,,,,False,False
2026-05-27 16:11:31.311986+00:00,2026-05-27 15:00:00+00:00,2026-05-27 16:11:31.311986+00:00,2026-05-27 15:00:00+00:00,STORJ/USD:USD,long,loc_prev_week_range_pos_48_0_42586401_loc_vwap_dev_z_24_0_10701825_zscore_price_50_1_0128103_mkt_ret_eq_24h_-0_78752208_up_down_return_mass_ratio_tanh_1_1231147,20260523_015947,20260523_015947,rank_rejected,rank_below_dynamic_threshold,,False,0.8325063332910778,0.863,,,,,False,False
2026-05-27 17:12:08.463729+00:00,2026-05-27 16:00:00+00:00,2026-05-27 17:12:08.463729+00:00,2026-05-27 16:00:00+00:00,RUNE/USD:USD,long,dist_weekly_vwap_0_074823022_loc_prev_week_range_pos_48_0_48354843_mkt_ret_eq_24h_-0_43956268_volume_autocorr_48_-0_38378653,20260523_015947,20260523_015947,rank_rejected,rank_below_dynamic_threshold,,False,0.7592514341709978,0.7834,,,,,False,False
2026-05-28 12:26:31.067596+00:00,2026-05-28 11:00:00+00:00,2026-05-28 12:26:31.067596+00:00,2026-05-28 11:00:00+00:00,AR/USD:USD,short,loc_ema_stack_pos_24_0_43357179_compression_ratio_-0_33411601_mkt_ret_eq_24h_1_1280091_mkt_ret_eq_24h_-0_81129736_up_down_semivol_ratio_tanh_-0_39156261,20260525_010004_nopenalty,20260525_010004_nopenalty,traded,,,True,0.9131430951885023,0.78,,21.956574774334953,330.9693107380918,,False,False
