group,usage_count
regime,55
