canonical_key,trigger,location,regime,mean_net_ret,directional_mean_ret,std_net_ret,mean_within_fold_std,mean_support_pct,std_support_pct,presence_freq,presence_freq_units,sign_consistency,min_support_actual,mean_uplift,mean_baseline_ret,mean_oos_ic,p25_oos_ic,p50_oos_ic,p75_oos_ic,mean_delta_ic,positive_ic_fraction,mean_ic,ic_tstat,ic_sign_consistency,decile_spread_sharpe,mask_ic_uplift,regression_beta,regression_slope_fit,learnability_step_c_score,trade_path_quality_score,quality_stability_score,path_smoothness_term,path_survivability_term,path_stability_term,path_realized_profit_consistency_term,path_trajectory_smoothness_term,full_quality_score,composite_score,required_hurdle,hurdle_excess,n_folds,discovery_count,n_instances,display_arity,structural_depth,pipeline_stage,parent_context_key,side,rule_type,accepted,rejection_reason,preset,preset,within_mask_ic,delta_within_mask_ic,entropy_reduction,support_objective_score,source_target,source_horizon,rule_type_class,production_classification,classification_diagnostics,rule_gain_score,rule_split_score,rule_model_importance_score,preset,preset,is_too_narrow,is_too_broad,comp_bonus
(*)|(loc_dist_ema20_atr_ts_band40_60==1)|(reg_atr_change_rate_ts_top20==1&reg_atr_change_rate_ts_top50==1),*,loc_dist_ema20_atr_ts_band40_60==1,reg_atr_change_rate_ts_top20==1&reg_atr_change_rate_ts_top50==1,-0.32400407393773395,0.32400407393773395,0.03723586203775951,0.27605175971984863,0.11733333333333333,0.01728197519575429,1.0,1.0,0.5251461988304094,1260,,,0.01962161674635159,-0.0037581930834045124,0.03391691288295917,0.050149074644411484,,0.6666666666666666,,,,-0.0476863869667342,,-0.06814461987496608,0.047864450379869514,0.028660372194671824,2.02976451162071e-10,0.00027771347218682487,0.01,0.020297645116207103,0.01,0.01,0.01,0.0015005652672382336,0.0015005652672382336,7.004114444444444e-05,-0.32407411508217837,3,1,1,3,3,stage_a_context,,short,3-way,True,,production,production,,,0.039603302441530173,1.0,primary_target,0,ranking,research,"{""checks"": {""n_folds"": {""value"": 3, ""threshold"": 3, ""passed"": true}, ""healthy_fold_count"": {""value"": 3, ""threshold"": 2, ""passed"": true}, ""healthy_fold_ratio"": {""value"": 1.0, ""threshold"": 0.6666666666666666, ""passed"": true}, ""presence_freq"": {""value"": 1.0, ""threshold"": 0.75, ""passed"": true}, ""directional_mean_ret"": {""value"": 0.32400407393773395, ""threshold"": 0.0, ""passed"": true}, ""hurdle_excess"": {""value"": 0.32393403279328953, ""threshold"": 0.0, ""passed"": true}, ""min_support_actual"": {""value"": 1260, ""threshold"": 50, ""passed"": true}, ""is_structurally_sound"": {""value"": false, ""passed"": false}, ""trade_path_quality_score"": {""value"": 2.02976451162071e-10, ""threshold"": 0.0, ""passed"": true}}, ""failures"": [""structural_soundness_fail: ""], ""warnings"": [], ""classification"": ""research""}",0.0,0.0,0.45870215316998797,production,production,False,False,0.3
(*)|(loc_dist_ema20_atr_ts_top20==1)|(reg_atr_change_rate_ts_band40_60==1&reg_atr_change_rate_ts_top50==1),*,loc_dist_ema20_atr_ts_top20==1,reg_atr_change_rate_ts_band40_60==1&reg_atr_change_rate_ts_top50==1,-0.32400407393773395,0.32400407393773395,0.03723586203775951,0.27605175971984863,0.11733333333333333,0.01728197519575429,1.0,1.0,0.5251461988304094,1260,,,0.01962161674635159,-0.0037581930834045124,0.03391691288295917,0.050149074644411484,,0.6666666666666666,,,,-0.0476863869667342,,-0.06814461987496608,0.047864450379869514,0.028660372194671824,2.02976451162071e-10,0.00027771347218682487,0.01,0.020297645116207103,0.01,0.01,0.01,0.0015005652672382336,0.0015005652672382336,7.004114444444444e-05,-0.32407411508217837,3,1,1,3,3,stage_a_context,,short,3-way,True,,production,production,,,0.039603302441530173,1.0,primary_target,0,ranking,research,"{""checks"": {""n_folds"": {""value"": 3, ""threshold"": 3, ""passed"": true}, ""healthy_fold_count"": {""value"": 3, ""threshold"": 2, ""passed"": true}, ""healthy_fold_ratio"": {""value"": 1.0, ""threshold"": 0.6666666666666666, ""passed"": true}, ""presence_freq"": {""value"": 1.0, ""threshold"": 0.75, ""passed"": true}, ""directional_mean_ret"": {""value"": 0.32400407393773395, ""threshold"": 0.0, ""passed"": true}, ""hurdle_excess"": {""value"": 0.32393403279328953, ""threshold"": 0.0, ""passed"": true}, ""min_support_actual"": {""value"": 1260, ""threshold"": 50, ""passed"": true}, ""is_structurally_sound"": {""value"": false, ""passed"": false}, ""trade_path_quality_score"": {""value"": 2.02976451162071e-10, ""threshold"": 0.0, ""passed"": true}}, ""failures"": [""structural_soundness_fail: ""], ""warnings"": [], ""classification"": ""research""}",0.0,0.0,0.3693507725319991,production,production,False,False,0.3
(*)|(loc_dist_ema20_atr_ts_top20==1&loc_dist_ema20_atr_ts_top50==1)|(reg_atr_change_rate_ts_band40_60==1),*,loc_dist_ema20_atr_ts_top20==1&loc_dist_ema20_atr_ts_top50==1,reg_atr_change_rate_ts_band40_60==1,-0.32400407393773395,0.32400407393773395,0.03723586203775951,0.27605175971984863,0.11733333333333333,0.01728197519575429,1.0,1.0,0.5251461988304094,1260,,,0.01962161674635159,-0.0037581930834045124,0.03391691288295917,0.050149074644411484,,0.6666666666666666,,,,-0.0476863869667342,,-0.06814461987496608,0.047864450379869514,0.028660372194671824,2.02976451162071e-10,0.00027771347218682487,0.01,0.020297645116207103,0.01,0.01,0.01,0.0015005652672382336,0.0015005652672382336,7.004114444444444e-05,-0.32407411508217837,3,1,1,3,3,stage_a_context,,short,3-way,True,,production,production,,,0.039603302441530173,1.0,primary_target,0,ranking,research,"{""checks"": {""n_folds"": {""value"": 3, ""threshold"": 3, ""passed"": true}, ""healthy_fold_count"": {""value"": 3, ""threshold"": 2, ""passed"": true}, ""healthy_fold_ratio"": {""value"": 1.0, ""threshold"": 0.6666666666666666, ""passed"": true}, ""presence_freq"": {""value"": 1.0, ""threshold"": 0.75, ""passed"": true}, ""directional_mean_ret"": {""value"": 0.32400407393773395, ""threshold"": 0.0, ""passed"": true}, ""hurdle_excess"": {""value"": 0.32393403279328953, ""threshold"": 0.0, ""passed"": true}, ""min_support_actual"": {""value"": 1260, ""threshold"": 50, ""passed"": true}, ""is_structurally_sound"": {""value"": false, ""passed"": false}, ""trade_path_quality_score"": {""value"": 2.02976451162071e-10, ""threshold"": 0.0, ""passed"": true}}, ""failures"": [""structural_soundness_fail: ""], ""warnings"": [], ""classification"": ""research""}",0.0,0.0,0.3478957567672451,production,production,False,False,0.3
(*)|(*)|(reg_atr_change_rate_ts_band40_60==1&reg_atr_change_rate_ts_bot50==0&reg_atr_change_rate_ts_top20==1),*,*,reg_atr_change_rate_ts_band40_60==1&reg_atr_change_rate_ts_bot50==0&reg_atr_change_rate_ts_top20==1,-0.32400407393773395,0.32400407393773395,0.03723586203775951,0.27605175971984863,0.11733333333333333,0.01728197519575429,1.0,1.0,0.5251461988304094,1260,,,0.01962161674635159,-0.0037581930834045124,0.03391691288295917,0.050149074644411484,,0.6666666666666666,,,,-0.0476863869667342,,-0.06814461987496608,0.047864450379869514,0.028660372194671824,2.02976451162071e-10,0.00027771347218682487,0.01,0.020297645116207103,0.01,0.01,0.01,0.0015005652672382336,0.0015005652672382336,7.004114444444444e-05,-0.32407411508217837,3,1,1,3,3,stage_a_context,,short,3-way,True,,production,production,,,0.039603302441530173,1.0,primary_target,0,ranking,research,"{""checks"": {""n_folds"": {""value"": 3, ""threshold"": 3, ""passed"": true}, ""healthy_fold_count"": {""value"": 3, ""threshold"": 2, ""passed"": true}, ""healthy_fold_ratio"": {""value"": 1.0, ""threshold"": 0.6666666666666666, ""passed"": true}, ""presence_freq"": {""value"": 1.0, ""threshold"": 0.75, ""passed"": true}, ""directional_mean_ret"": {""value"": 0.32400407393773395, ""threshold"": 0.0, ""passed"": true}, ""hurdle_excess"": {""value"": 0.32393403279328953, ""threshold"": 0.0, ""passed"": true}, ""min_support_actual"": {""value"": 1260, ""threshold"": 50, ""passed"": true}, ""is_structurally_sound"": {""value"": false, ""passed"": false}, ""trade_path_quality_score"": {""value"": 2.02976451162071e-10, ""threshold"": 0.0, ""passed"": true}}, ""failures"": [""structural_soundness_fail: ""], ""warnings"": [], ""classification"": ""research""}",0.0,0.0,0.2822491108196321,production,production,False,False,0.3
(*)|(*)|(reg_atr_change_rate_ts_band40_60==1&reg_atr_change_rate_ts_top20==1&reg_atr_change_rate_ts_top50==1),*,*,reg_atr_change_rate_ts_band40_60==1&reg_atr_change_rate_ts_top20==1&reg_atr_change_rate_ts_top50==1,-0.32400407393773395,0.32400407393773395,0.03723586203775951,0.27605175971984863,0.11733333333333333,0.01728197519575429,1.0,1.0,0.5251461988304094,1260,,,0.01962161674635159,-0.0037581930834045124,0.03391691288295917,0.050149074644411484,,0.6666666666666666,,,,-0.0476863869667342,,-0.06814461987496608,0.047864450379869514,0.028660372194671824,2.02976451162071e-10,0.00027771347218682487,0.01,0.020297645116207103,0.01,0.01,0.01,0.0015005652672382336,0.0015005652672382336,7.004114444444444e-05,-0.32407411508217837,3,1,1,3,3,stage_a_context,,short,3-way,True,,production,production,,,0.039603302441530173,1.0,primary_target,0,ranking,research,"{""checks"": {""n_folds"": {""value"": 3, ""threshold"": 3, ""passed"": true}, ""healthy_fold_count"": {""value"": 3, ""threshold"": 2, ""passed"": true}, ""healthy_fold_ratio"": {""value"": 1.0, ""threshold"": 0.6666666666666666, ""passed"": true}, ""presence_freq"": {""value"": 1.0, ""threshold"": 0.75, ""passed"": true}, ""directional_mean_ret"": {""value"": 0.32400407393773395, ""threshold"": 0.0, ""passed"": true}, ""hurdle_excess"": {""value"": 0.32393403279328953, ""threshold"": 0.0, ""passed"": true}, ""min_support_actual"": {""value"": 1260, ""threshold"": 50, ""passed"": true}, ""is_structurally_sound"": {""value"": false, ""passed"": false}, ""trade_path_quality_score"": {""value"": 2.02976451162071e-10, ""threshold"": 0.0, ""passed"": true}}, ""failures"": [""structural_soundness_fail: ""], ""warnings"": [], ""classification"": ""research""}",0.0,0.0,0.353461991931158,production,production,False,False,0.3
(*)|(loc_dist_ema20_atr_ts_bot50==0&loc_dist_ema20_atr_ts_top60==0)|(reg_atr_change_rate_ts_top20==1),*,loc_dist_ema20_atr_ts_bot50==0&loc_dist_ema20_atr_ts_top60==0,reg_atr_change_rate_ts_top20==1,-0.32400407393773395,0.32400407393773395,0.03723586203775951,0.27605175971984863,0.11733333333333333,0.01728197519575429,1.0,1.0,0.5251461988304094,1260,,,0.01962161674635159,-0.0037581930834045124,0.03391691288295917,0.050149074644411484,,0.6666666666666666,,,,-0.0476863869667342,,-0.06814461987496608,0.047864450379869514,0.028660372194671824,2.02976451162071e-10,0.00027771347218682487,0.01,0.020297645116207103,0.01,0.01,0.01,0.0015005652672382336,0.0015005652672382336,7.004114444444444e-05,-0.32407411508217837,3,1,1,3,3,stage_a_context,,short,3-way,True,,production,production,,,0.039603302441530173,1.0,primary_target,0,ranking,research,"{""checks"": {""n_folds"": {""value"": 3, ""threshold"": 3, ""passed"": true}, ""healthy_fold_count"": {""value"": 3, ""threshold"": 2, ""passed"": true}, ""healthy_fold_ratio"": {""value"": 1.0, ""threshold"": 0.6666666666666666, ""passed"": true}, ""presence_freq"": {""value"": 1.0, ""threshold"": 0.75, ""passed"": true}, ""directional_mean_ret"": {""value"": 0.32400407393773395, ""threshold"": 0.0, ""passed"": true}, ""hurdle_excess"": {""value"": 0.32393403279328953, ""threshold"": 0.0, ""passed"": true}, ""min_support_actual"": {""value"": 1260, ""threshold"": 50, ""passed"": true}, ""is_structurally_sound"": {""value"": false, ""passed"": false}, ""trade_path_quality_score"": {""value"": 2.02976451162071e-10, ""threshold"": 0.0, ""passed"": true}}, ""failures"": [""structural_soundness_fail: ""], ""warnings"": [], ""classification"": ""research""}",0.0,0.0,0.37430862180924246,production,production,False,False,0.3
(*)|(loc_dist_ema20_atr_ts_top60==0)|(reg_atr_change_rate_ts_top20==1&reg_atr_change_rate_ts_top50==1),*,loc_dist_ema20_atr_ts_top60==0,reg_atr_change_rate_ts_top20==1&reg_atr_change_rate_ts_top50==1,-0.32400407393773395,0.32400407393773395,0.03723586203775951,0.27605175971984863,0.11733333333333333,0.01728197519575429,1.0,1.0,0.5251461988304094,1260,,,0.01962161674635159,-0.0037581930834045124,0.03391691288295917,0.050149074644411484,,0.6666666666666666,,,,-0.0476863869667342,,-0.06814461987496608,0.047864450379869514,0.028660372194671824,2.02976451162071e-10,0.00027771347218682487,0.01,0.020297645116207103,0.01,0.01,0.01,0.0015005652672382336,0.0015005652672382336,7.004114444444444e-05,-0.32407411508217837,3,1,1,3,3,stage_a_context,,short,3-way,True,,production,production,,,0.039603302441530173,1.0,primary_target,0,ranking,research,"{""checks"": {""n_folds"": {""value"": 3, ""threshold"": 3, ""passed"": true}, ""healthy_fold_count"": {""value"": 3, ""threshold"": 2, ""passed"": true}, ""healthy_fold_ratio"": {""value"": 1.0, ""threshold"": 0.6666666666666666, ""passed"": true}, ""presence_freq"": {""value"": 1.0, ""threshold"": 0.75, ""passed"": true}, ""directional_mean_ret"": {""value"": 0.32400407393773395, ""threshold"": 0.0, ""passed"": true}, ""hurdle_excess"": {""value"": 0.32393403279328953, ""threshold"": 0.0, ""passed"": true}, ""min_support_actual"": {""value"": 1260, ""threshold"": 50, ""passed"": true}, ""is_structurally_sound"": {""value"": false, ""passed"": false}, ""trade_path_quality_score"": {""value"": 2.02976451162071e-10, ""threshold"": 0.0, ""passed"": true}}, ""failures"": [""structural_soundness_fail: ""], ""warnings"": [], ""classification"": ""research""}",0.0,0.0,0.6088283239533715,production,production,False,False,0.3
(*)|(loc_dist_ema20_atr_ts_top20==1)|(reg_atr_change_rate_ts_top50==1&reg_atr_change_rate_ts_top60==0),*,loc_dist_ema20_atr_ts_top20==1,reg_atr_change_rate_ts_top50==1&reg_atr_change_rate_ts_top60==0,-0.32400407393773395,0.32400407393773395,0.03723586203775951,0.27605175971984863,0.11733333333333333,0.01728197519575429,1.0,1.0,0.5251461988304094,1260,,,0.01962161674635159,-0.0037581930834045124,0.03391691288295917,0.050149074644411484,,0.6666666666666666,,,,-0.0476863869667342,,-0.06814461987496608,0.047864450379869514,0.028660372194671824,2.02976451162071e-10,0.00027771347218682487,0.01,0.020297645116207103,0.01,0.01,0.01,0.0015005652672382336,0.0015005652672382336,7.004114444444444e-05,-0.32407411508217837,3,1,1,3,3,stage_a_context,,short,3-way,True,,production,production,,,0.039603302441530173,1.0,primary_target,0,ranking,research,"{""checks"": {""n_folds"": {""value"": 3, ""threshold"": 3, ""passed"": true}, ""healthy_fold_count"": {""value"": 3, ""threshold"": 2, ""passed"": true}, ""healthy_fold_ratio"": {""value"": 1.0, ""threshold"": 0.6666666666666666, ""passed"": true}, ""presence_freq"": {""value"": 1.0, ""threshold"": 0.75, ""passed"": true}, ""directional_mean_ret"": {""value"": 0.32400407393773395, ""threshold"": 0.0, ""passed"": true}, ""hurdle_excess"": {""value"": 0.32393403279328953, ""threshold"": 0.0, ""passed"": true}, ""min_support_actual"": {""value"": 1260, ""threshold"": 50, ""passed"": true}, ""is_structurally_sound"": {""value"": false, ""passed"": false}, ""trade_path_quality_score"": {""value"": 2.02976451162071e-10, ""threshold"": 0.0, ""passed"": true}}, ""failures"": [""structural_soundness_fail: ""], ""warnings"": [], ""classification"": ""research""}",0.0,0.0,0.49568132422363115,production,production,False,False,0.3
(*)|(*)|(reg_atr_change_rate_ts_top20==1&reg_atr_change_rate_ts_top50==1&reg_atr_change_rate_ts_top60==0),*,*,reg_atr_change_rate_ts_top20==1&reg_atr_change_rate_ts_top50==1&reg_atr_change_rate_ts_top60==0,-0.32400407393773395,0.32400407393773395,0.03723586203775951,0.27605175971984863,0.11733333333333333,0.01728197519575429,1.0,1.0,0.5251461988304094,1260,,,0.01962161674635159,-0.0037581930834045124,0.03391691288295917,0.050149074644411484,,0.6666666666666666,,,,-0.0476863869667342,,-0.06814461987496608,0.047864450379869514,0.028660372194671824,2.02976451162071e-10,0.00027771347218682487,0.01,0.020297645116207103,0.01,0.01,0.01,0.0015005652672382336,0.0015005652672382336,7.004114444444444e-05,-0.32407411508217837,3,3,3,3,3,stage_a_context,,short,3-way,True,,production,production,,,0.039603302441530173,1.0,primary_target,0,ranking,research,"{""checks"": {""n_folds"": {""value"": 3, ""threshold"": 3, ""passed"": true}, ""healthy_fold_count"": {""value"": 3, ""threshold"": 2, ""passed"": true}, ""healthy_fold_ratio"": {""value"": 1.0, ""threshold"": 0.6666666666666666, ""passed"": true}, ""presence_freq"": {""value"": 1.0, ""threshold"": 0.75, ""passed"": true}, ""directional_mean_ret"": {""value"": 0.32400407393773395, ""threshold"": 0.0, ""passed"": true}, ""hurdle_excess"": {""value"": 0.32393403279328953, ""threshold"": 0.0, ""passed"": true}, ""min_support_actual"": {""value"": 1260, ""threshold"": 50, ""passed"": true}, ""is_structurally_sound"": {""value"": false, ""passed"": false}, ""trade_path_quality_score"": {""value"": 2.02976451162071e-10, ""threshold"": 0.0, ""passed"": true}}, ""failures"": [""structural_soundness_fail: ""], ""warnings"": [], ""classification"": ""research""}",0.0,0.0,0.39629048318737875,production,production,False,False,0.3
(*)|(loc_dist_ema20_atr_ts_top60==0)|(reg_atr_change_rate_ts_bot50==0&reg_atr_change_rate_ts_top20==1),*,loc_dist_ema20_atr_ts_top60==0,reg_atr_change_rate_ts_bot50==0&reg_atr_change_rate_ts_top20==1,-0.32400407393773395,0.32400407393773395,0.03723586203775951,0.27605175971984863,0.11733333333333333,0.01728197519575429,1.0,1.0,0.5251461988304094,1260,,,0.01962161674635159,-0.0037581930834045124,0.03391691288295917,0.050149074644411484,,0.6666666666666666,,,,-0.0476863869667342,,-0.06814461987496608,0.047864450379869514,0.028660372194671824,2.02976451162071e-10,0.00027771347218682487,0.01,0.020297645116207103,0.01,0.01,0.01,0.0015005652672382336,0.0015005652672382336,7.004114444444444e-05,-0.32407411508217837,3,1,1,3,3,stage_a_context,,short,3-way,True,,production,production,,,0.039603302441530173,1.0,primary_target,0,ranking,research,"{""checks"": {""n_folds"": {""value"": 3, ""threshold"": 3, ""passed"": true}, ""healthy_fold_count"": {""value"": 3, ""threshold"": 2, ""passed"": true}, ""healthy_fold_ratio"": {""value"": 1.0, ""threshold"": 0.6666666666666666, ""passed"": true}, ""presence_freq"": {""value"": 1.0, ""threshold"": 0.75, ""passed"": true}, ""directional_mean_ret"": {""value"": 0.32400407393773395, ""threshold"": 0.0, ""passed"": true}, ""hurdle_excess"": {""value"": 0.32393403279328953, ""threshold"": 0.0, ""passed"": true}, ""min_support_actual"": {""value"": 1260, ""threshold"": 50, ""passed"": true}, ""is_structurally_sound"": {""value"": false, ""passed"": false}, ""trade_path_quality_score"": {""value"": 2.02976451162071e-10, ""threshold"": 0.0, ""passed"": true}}, ""failures"": [""structural_soundness_fail: ""], ""warnings"": [], ""classification"": ""research""}",0.0,0.0,0.4672147182618132,production,production,False,False,0.3
(*)|(loc_dist_ema20_atr_ts_bot20==0&loc_dist_ema20_atr_ts_bot30==0)|(reg_atr_change_rate_ts_bot40==0&reg_atr_change_rate_ts_bot80==1&reg_atr_change_rate_ts_top50==1&reg_atr_change_rate_ts_top60==0),*,loc_dist_ema20_atr_ts_bot20==0&loc_dist_ema20_atr_ts_bot30==0,reg_atr_change_rate_ts_bot40==0&reg_atr_change_rate_ts_bot80==1&reg_atr_change_rate_ts_top50==1&reg_atr_change_rate_ts_top60==0,-0.32400407393773395,0.32400407393773395,0.03723586203775951,0.27605175971984863,0.11733333333333333,0.01728197519575429,1.0,1.0,0.5251461988304094,1260,,,0.01962161674635159,-0.0037581930834045124,0.03391691288295917,0.050149074644411484,,0.6666666666666666,,,,-0.0476863869667342,,-0.06814461987496608,0.047864450379869514,0.028660372194671824,2.02976451162071e-10,0.00027771347218682487,0.01,0.020297645116207103,0.01,0.01,0.01,0.0015005652672382336,0.0015005652672382336,9.00529e-05,-0.324094126837734,3,1,1,6,6,stage_a_context,,short,6-way,True,,production,production,,,0.039603302441530173,1.0,primary_target,0,ranking,research,"{""checks"": {""n_folds"": {""value"": 3, ""threshold"": 3, ""passed"": true}, ""healthy_fold_count"": {""value"": 3, ""threshold"": 2, ""passed"": true}, ""healthy_fold_ratio"": {""value"": 1.0, ""threshold"": 0.6666666666666666, ""passed"": true}, ""presence_freq"": {""value"": 1.0, ""threshold"": 0.75, ""passed"": true}, ""directional_mean_ret"": {""value"": 0.32400407393773395, ""threshold"": 0.0, ""passed"": true}, ""hurdle_excess"": {""value"": 0.3239140210377339, ""threshold"": 0.0, ""passed"": true}, ""min_support_actual"": {""value"": 1260, ""threshold"": 50, ""passed"": true}, ""is_structurally_sound"": {""value"": false, ""passed"": false}, ""trade_path_quality_score"": {""value"": 2.02976451162071e-10, ""threshold"": 0.0, ""passed"": true}}, ""failures"": [""structural_soundness_fail: ""], ""warnings"": [], ""classification"": ""research""}",0.0,0.0,0.35803597589507374,production,production,False,False,0.1
(*)|(loc_dist_ema20_atr_ts_bot20==0&loc_dist_ema20_atr_ts_bot30==0)|(reg_atr_change_rate_ts_bot70==1&reg_atr_change_rate_ts_top50==1&reg_atr_change_rate_ts_top60==0),*,loc_dist_ema20_atr_ts_bot20==0&loc_dist_ema20_atr_ts_bot30==0,reg_atr_change_rate_ts_bot70==1&reg_atr_change_rate_ts_top50==1&reg_atr_change_rate_ts_top60==0,-0.32400407393773395,0.32400407393773395,0.03723586203775951,0.27605175971984863,0.11733333333333333,0.01728197519575429,1.0,1.0,0.5251461988304094,1260,,,0.01962161674635159,-0.0037581930834045124,0.03391691288295917,0.050149074644411484,,0.6666666666666666,,,,-0.0476863869667342,,-0.06814461987496608,0.047864450379869514,0.028660372194671824,2.02976451162071e-10,0.00027771347218682487,0.01,0.020297645116207103,0.01,0.01,0.01,0.0015005652672382336,0.0015005652672382336,9.00529e-05,-0.324094126837734,3,1,1,5,5,stage_a_context,,short,5-way,True,,production,production,,,0.039603302441530173,1.0,primary_target,0,ranking,research,"{""checks"": {""n_folds"": {""value"": 3, ""threshold"": 3, ""passed"": true}, ""healthy_fold_count"": {""value"": 3, ""threshold"": 2, ""passed"": true}, ""healthy_fold_ratio"": {""value"": 1.0, ""threshold"": 0.6666666666666666, ""passed"": true}, ""presence_freq"": {""value"": 1.0, ""threshold"": 0.75, ""passed"": true}, ""directional_mean_ret"": {""value"": 0.32400407393773395, ""threshold"": 0.0, ""passed"": true}, ""hurdle_excess"": {""value"": 0.3239140210377339, ""threshold"": 0.0, ""passed"": true}, ""min_support_actual"": {""value"": 1260, ""threshold"": 50, ""passed"": true}, ""is_structurally_sound"": {""value"": false, ""passed"": false}, ""trade_path_quality_score"": {""value"": 2.02976451162071e-10, ""threshold"": 0.0, ""passed"": true}}, ""failures"": [""structural_soundness_fail: ""], ""warnings"": [], ""classification"": ""research""}",0.0,0.0,0.40002568992395493,production,production,False,False,0.1
(*)|(loc_dist_ema20_atr_ts_bot20==0&loc_dist_ema20_atr_ts_bot30==0)|(reg_atr_change_rate_ts_top50==1&reg_atr_change_rate_ts_top60==0),*,loc_dist_ema20_atr_ts_bot20==0&loc_dist_ema20_atr_ts_bot30==0,reg_atr_change_rate_ts_top50==1&reg_atr_change_rate_ts_top60==0,-0.32400407393773395,0.32400407393773395,0.03723586203775951,0.27605175971984863,0.11733333333333333,0.01728197519575429,1.0,1.0,0.5251461988304094,1260,,,0.01962161674635159,-0.0037581930834045124,0.03391691288295917,0.050149074644411484,,0.6666666666666666,,,,-0.0476863869667342,,-0.06814461987496608,0.047864450379869514,0.028660372194671824,2.02976451162071e-10,0.00027771347218682487,0.01,0.020297645116207103,0.01,0.01,0.01,0.0015005652672382336,0.0015005652672382336,9.00529e-05,-0.324094126837734,3,1,1,4,4,stage_a_context,,short,4-way,True,,production,production,,,0.039603302441530173,1.0,primary_target,0,ranking,research,"{""checks"": {""n_folds"": {""value"": 3, ""threshold"": 3, ""passed"": true}, ""healthy_fold_count"": {""value"": 3, ""threshold"": 2, ""passed"": true}, ""healthy_fold_ratio"": {""value"": 1.0, ""threshold"": 0.6666666666666666, ""passed"": true}, ""presence_freq"": {""value"": 1.0, ""threshold"": 0.75, ""passed"": true}, ""directional_mean_ret"": {""value"": 0.32400407393773395, ""threshold"": 0.0, ""passed"": true}, ""hurdle_excess"": {""value"": 0.3239140210377339, ""threshold"": 0.0, ""passed"": true}, ""min_support_actual"": {""value"": 1260, ""threshold"": 50, ""passed"": true}, ""is_structurally_sound"": {""value"": false, ""passed"": false}, ""trade_path_quality_score"": {""value"": 2.02976451162071e-10, ""threshold"": 0.0, ""passed"": true}}, ""failures"": [""structural_soundness_fail: ""], ""warnings"": [], ""classification"": ""research""}",0.0,0.0,0.2949297708040987,production,production,False,False,0.1
(*)|(loc_dist_ema20_atr_ts_bot20==0&loc_dist_ema20_atr_ts_top30==1&loc_dist_ema20_atr_ts_top50==1)|(reg_atr_change_rate_ts_top60==0),*,loc_dist_ema20_atr_ts_bot20==0&loc_dist_ema20_atr_ts_top30==1&loc_dist_ema20_atr_ts_top50==1,reg_atr_change_rate_ts_top60==0,-0.32400407393773395,0.32400407393773395,0.03723586203775951,0.27605175971984863,0.11733333333333333,0.01728197519575429,1.0,1.0,0.5251461988304094,1260,,,0.01962161674635159,-0.0037581930834045124,0.03391691288295917,0.050149074644411484,,0.6666666666666666,,,,-0.0476863869667342,,-0.06814461987496608,0.047864450379869514,0.028660372194671824,2.02976451162071e-10,0.00027771347218682487,0.01,0.020297645116207103,0.01,0.01,0.01,0.0015005652672382336,0.0015005652672382336,9.00529e-05,-0.324094126837734,3,1,1,4,4,stage_a_context,,short,4-way,True,,production,production,,,0.039603302441530173,1.0,primary_target,0,ranking,research,"{""checks"": {""n_folds"": {""value"": 3, ""threshold"": 3, ""passed"": true}, ""healthy_fold_count"": {""value"": 3, ""threshold"": 2, ""passed"": true}, ""healthy_fold_ratio"": {""value"": 1.0, ""threshold"": 0.6666666666666666, ""passed"": true}, ""presence_freq"": {""value"": 1.0, ""threshold"": 0.75, ""passed"": true}, ""directional_mean_ret"": {""value"": 0.32400407393773395, ""threshold"": 0.0, ""passed"": true}, ""hurdle_excess"": {""value"": 0.3239140210377339, ""threshold"": 0.0, ""passed"": true}, ""min_support_actual"": {""value"": 1260, ""threshold"": 50, ""passed"": true}, ""is_structurally_sound"": {""value"": false, ""passed"": false}, ""trade_path_quality_score"": {""value"": 2.02976451162071e-10, ""threshold"": 0.0, ""passed"": true}}, ""failures"": [""structural_soundness_fail: ""], ""warnings"": [], ""classification"": ""research""}",0.0,0.0,0.29811239512291043,production,production,False,False,0.1
(*)|(loc_dist_ema20_atr_ts_bot20==0&loc_dist_ema20_atr_ts_top50==1)|(reg_atr_change_rate_ts_band30_70==1&reg_atr_change_rate_ts_top40==1&reg_atr_change_rate_ts_top60==0),*,loc_dist_ema20_atr_ts_bot20==0&loc_dist_ema20_atr_ts_top50==1,reg_atr_change_rate_ts_band30_70==1&reg_atr_change_rate_ts_top40==1&reg_atr_change_rate_ts_top60==0,-0.32400407393773395,0.32400407393773395,0.03723586203775951,0.27605175971984863,0.11733333333333333,0.01728197519575429,1.0,1.0,0.5251461988304094,1260,,,0.01962161674635159,-0.0037581930834045124,0.03391691288295917,0.050149074644411484,,0.6666666666666666,,,,-0.0476863869667342,,-0.06814461987496608,0.047864450379869514,0.028660372194671824,2.02976451162071e-10,0.00027771347218682487,0.01,0.020297645116207103,0.01,0.01,0.01,0.0015005652672382336,0.0015005652672382336,9.00529e-05,-0.324094126837734,3,1,1,5,5,stage_a_context,,short,5-way,True,,production,production,,,0.039603302441530173,1.0,primary_target,0,ranking,research,"{""checks"": {""n_folds"": {""value"": 3, ""threshold"": 3, ""passed"": true}, ""healthy_fold_count"": {""value"": 3, ""threshold"": 2, ""passed"": true}, ""healthy_fold_ratio"": {""value"": 1.0, ""threshold"": 0.6666666666666666, ""passed"": true}, ""presence_freq"": {""value"": 1.0, ""threshold"": 0.75, ""passed"": true}, ""directional_mean_ret"": {""value"": 0.32400407393773395, ""threshold"": 0.0, ""passed"": true}, ""hurdle_excess"": {""value"": 0.3239140210377339, ""threshold"": 0.0, ""passed"": true}, ""min_support_actual"": {""value"": 1260, ""threshold"": 50, ""passed"": true}, ""is_structurally_sound"": {""value"": false, ""passed"": false}, ""trade_path_quality_score"": {""value"": 2.02976451162071e-10, ""threshold"": 0.0, ""passed"": true}}, ""failures"": [""structural_soundness_fail: ""], ""warnings"": [], ""classification"": ""research""}",0.0,0.0,0.33373899206451485,production,production,False,False,0.1
(*)|(loc_dist_ema20_atr_ts_band30_70==1)|(reg_atr_change_rate_ts_bot20==0&reg_atr_change_rate_ts_top50==1&reg_atr_change_rate_ts_top60==0),*,loc_dist_ema20_atr_ts_band30_70==1,reg_atr_change_rate_ts_bot20==0&reg_atr_change_rate_ts_top50==1&reg_atr_change_rate_ts_top60==0,-0.32400407393773395,0.32400407393773395,0.03723586203775951,0.27605175971984863,0.11733333333333333,0.01728197519575429,1.0,1.0,0.5251461988304094,1260,,,0.01962161674635159,-0.0037581930834045124,0.03391691288295917,0.050149074644411484,,0.6666666666666666,,,,-0.0476863869667342,,-0.06814461987496608,0.047864450379869514,0.028660372194671824,2.02976451162071e-10,0.00027771347218682487,0.01,0.020297645116207103,0.01,0.01,0.01,0.0015005652672382336,0.0015005652672382336,9.00529e-05,-0.324094126837734,3,2,2,4,4,stage_a_context,,short,4-way,True,,production,production,,,0.039603302441530173,1.0,primary_target,0,ranking,research,"{""checks"": {""n_folds"": {""value"": 3, ""threshold"": 3, ""passed"": true}, ""healthy_fold_count"": {""value"": 3, ""threshold"": 2, ""passed"": true}, ""healthy_fold_ratio"": {""value"": 1.0, ""threshold"": 0.6666666666666666, ""passed"": true}, ""presence_freq"": {""value"": 1.0, ""threshold"": 0.75, ""passed"": true}, ""directional_mean_ret"": {""value"": 0.32400407393773395, ""threshold"": 0.0, ""passed"": true}, ""hurdle_excess"": {""value"": 0.3239140210377339, ""threshold"": 0.0, ""passed"": true}, ""min_support_actual"": {""value"": 1260, ""threshold"": 50, ""passed"": true}, ""is_structurally_sound"": {""value"": false, ""passed"": false}, ""trade_path_quality_score"": {""value"": 2.02976451162071e-10, ""threshold"": 0.0, ""passed"": true}}, ""failures"": [""structural_soundness_fail: ""], ""warnings"": [], ""classification"": ""research""}",0.0,0.0,0.4621618832396796,production,production,False,False,0.1
(*)|(loc_dist_ema20_atr_ts_bot20==0&loc_dist_ema20_atr_ts_top50==1)|(reg_atr_change_rate_ts_band30_70==1&reg_atr_change_rate_ts_top60==0),*,loc_dist_ema20_atr_ts_bot20==0&loc_dist_ema20_atr_ts_top50==1,reg_atr_change_rate_ts_band30_70==1&reg_atr_change_rate_ts_top60==0,-0.32400407393773395,0.32400407393773395,0.03723586203775951,0.27605175971984863,0.11733333333333333,0.01728197519575429,1.0,1.0,0.5251461988304094,1260,,,0.01962161674635159,-0.0037581930834045124,0.03391691288295917,0.050149074644411484,,0.6666666666666666,,,,-0.0476863869667342,,-0.06814461987496608,0.047864450379869514,0.028660372194671824,2.02976451162071e-10,0.00027771347218682487,0.01,0.020297645116207103,0.01,0.01,0.01,0.0015005652672382336,0.0015005652672382336,9.00529e-05,-0.324094126837734,3,1,1,4,4,stage_a_context,,short,4-way,True,,production,production,,,0.039603302441530173,1.0,primary_target,0,ranking,research,"{""checks"": {""n_folds"": {""value"": 3, ""threshold"": 3, ""passed"": true}, ""healthy_fold_count"": {""value"": 3, ""threshold"": 2, ""passed"": true}, ""healthy_fold_ratio"": {""value"": 1.0, ""threshold"": 0.6666666666666666, ""passed"": true}, ""presence_freq"": {""value"": 1.0, ""threshold"": 0.75, ""passed"": true}, ""directional_mean_ret"": {""value"": 0.32400407393773395, ""threshold"": 0.0, ""passed"": true}, ""hurdle_excess"": {""value"": 0.3239140210377339, ""threshold"": 0.0, ""passed"": true}, ""min_support_actual"": {""value"": 1260, ""threshold"": 50, ""passed"": true}, ""is_structurally_sound"": {""value"": false, ""passed"": false}, ""trade_path_quality_score"": {""value"": 2.02976451162071e-10, ""threshold"": 0.0, ""passed"": true}}, ""failures"": [""structural_soundness_fail: ""], ""warnings"": [], ""classification"": ""research""}",0.0,0.0,0.30972490558224275,production,production,False,False,0.1
(*)|(loc_dist_ema20_atr_ts_band40_60==1)|(reg_atr_change_rate_ts_band25_75==1&reg_atr_change_rate_ts_top20==1&reg_atr_change_rate_ts_top50==1),*,loc_dist_ema20_atr_ts_band40_60==1,reg_atr_change_rate_ts_band25_75==1&reg_atr_change_rate_ts_top20==1&reg_atr_change_rate_ts_top50==1,-0.32400407393773395,0.32400407393773395,0.03723586203775951,0.27605175971984863,0.11733333333333333,0.01728197519575429,1.0,1.0,0.5251461988304094,1260,,,0.01962161674635159,-0.0037581930834045124,0.03391691288295917,0.050149074644411484,,0.6666666666666666,,,,-0.0476863869667342,,-0.06814461987496608,0.047864450379869514,0.028660372194671824,2.02976451162071e-10,0.00027771347218682487,0.01,0.020297645116207103,0.01,0.01,0.01,0.0015005652672382336,0.0015005652672382336,9.00529e-05,-0.324094126837734,3,1,1,4,4,stage_a_context,,short,4-way,True,,production,production,,,0.039603302441530173,1.0,primary_target,0,ranking,research,"{""checks"": {""n_folds"": {""value"": 3, ""threshold"": 3, ""passed"": true}, ""healthy_fold_count"": {""value"": 3, ""threshold"": 2, ""passed"": true}, ""healthy_fold_ratio"": {""value"": 1.0, ""threshold"": 0.6666666666666666, ""passed"": true}, ""presence_freq"": {""value"": 1.0, ""threshold"": 0.75, ""passed"": true}, ""directional_mean_ret"": {""value"": 0.32400407393773395, ""threshold"": 0.0, ""passed"": true}, ""hurdle_excess"": {""value"": 0.3239140210377339, ""threshold"": 0.0, ""passed"": true}, ""min_support_actual"": {""value"": 1260, ""threshold"": 50, ""passed"": true}, ""is_structurally_sound"": {""value"": false, ""passed"": false}, ""trade_path_quality_score"": {""value"": 2.02976451162071e-10, ""threshold"": 0.0, ""passed"": true}}, ""failures"": [""structural_soundness_fail: ""], ""warnings"": [], ""classification"": ""research""}",0.0,0.0,0.34543085039965554,production,production,False,False,0.1
(*)|(loc_dist_ema20_atr_ts_bot20==0)|(reg_atr_change_rate_ts_top50==1&reg_atr_change_rate_ts_top60==0&reg_atr_compression_ratio_ts_band30_70==1),*,loc_dist_ema20_atr_ts_bot20==0,reg_atr_change_rate_ts_top50==1&reg_atr_change_rate_ts_top60==0&reg_atr_compression_ratio_ts_band30_70==1,-0.32400407393773395,0.32400407393773395,0.03723586203775951,0.27605175971984863,0.11733333333333333,0.01728197519575429,1.0,1.0,0.5251461988304094,1260,,,0.01962161674635159,-0.0037581930834045124,0.03391691288295917,0.050149074644411484,,0.6666666666666666,,,,-0.0476863869667342,,-0.06814461987496608,0.047864450379869514,0.028660372194671824,2.02976451162071e-10,0.00027771347218682487,0.01,0.020297645116207103,0.01,0.01,0.01,0.0015005652672382336,0.0015005652672382336,9.00529e-05,-0.324094126837734,3,1,1,4,4,stage_a_context,,short,4-way,True,,production,production,,,0.039603302441530173,1.0,primary_target,0,ranking,research,"{""checks"": {""n_folds"": {""value"": 3, ""threshold"": 3, ""passed"": true}, ""healthy_fold_count"": {""value"": 3, ""threshold"": 2, ""passed"": true}, ""healthy_fold_ratio"": {""value"": 1.0, ""threshold"": 0.6666666666666666, ""passed"": true}, ""presence_freq"": {""value"": 1.0, ""threshold"": 0.75, ""passed"": true}, ""directional_mean_ret"": {""value"": 0.32400407393773395, ""threshold"": 0.0, ""passed"": true}, ""hurdle_excess"": {""value"": 0.3239140210377339, ""threshold"": 0.0, ""passed"": true}, ""min_support_actual"": {""value"": 1260, ""threshold"": 50, ""passed"": true}, ""is_structurally_sound"": {""value"": false, ""passed"": false}, ""trade_path_quality_score"": {""value"": 2.02976451162071e-10, ""threshold"": 0.0, ""passed"": true}}, ""failures"": [""structural_soundness_fail: ""], ""warnings"": [], ""classification"": ""research""}",0.0,0.0,0.23941514013974832,production,production,False,False,0.1
(*)|(loc_dist_ema20_atr_ts_bot40==0&loc_dist_ema20_atr_ts_top60==0)|(reg_atr_change_rate_ts_band30_70==1&reg_atr_change_rate_ts_top20==1&reg_atr_change_rate_ts_top50==1),*,loc_dist_ema20_atr_ts_bot40==0&loc_dist_ema20_atr_ts_top60==0,reg_atr_change_rate_ts_band30_70==1&reg_atr_change_rate_ts_top20==1&reg_atr_change_rate_ts_top50==1,-0.32400407393773395,0.32400407393773395,0.03723586203775951,0.27605175971984863,0.11733333333333333,0.01728197519575429,1.0,1.0,0.5251461988304094,1260,,,0.01962161674635159,-0.0037581930834045124,0.03391691288295917,0.050149074644411484,,0.6666666666666666,,,,-0.0476863869667342,,-0.06814461987496608,0.047864450379869514,0.028660372194671824,2.02976451162071e-10,0.00027771347218682487,0.01,0.020297645116207103,0.01,0.01,0.01,0.0015005652672382336,0.0015005652672382336,9.00529e-05,-0.324094126837734,3,1,1,5,5,stage_a_context,,short,5-way,True,,production,production,,,0.039603302441530173,1.0,primary_target,0,ranking,research,"{""checks"": {""n_folds"": {""value"": 3, ""threshold"": 3, ""passed"": true}, ""healthy_fold_count"": {""value"": 3, ""threshold"": 2, ""passed"": true}, ""healthy_fold_ratio"": {""value"": 1.0, ""threshold"": 0.6666666666666666, ""passed"": true}, ""presence_freq"": {""value"": 1.0, ""threshold"": 0.75, ""passed"": true}, ""directional_mean_ret"": {""value"": 0.32400407393773395, ""threshold"": 0.0, ""passed"": true}, ""hurdle_excess"": {""value"": 0.3239140210377339, ""threshold"": 0.0, ""passed"": true}, ""min_support_actual"": {""value"": 1260, ""threshold"": 50, ""passed"": true}, ""is_structurally_sound"": {""value"": false, ""passed"": false}, ""trade_path_quality_score"": {""value"": 2.02976451162071e-10, ""threshold"": 0.0, ""passed"": true}}, ""failures"": [""structural_soundness_fail: ""], ""warnings"": [], ""classification"": ""research""}",0.0,0.0,0.4260807295101644,production,production,False,False,0.1
(*)|(loc_dist_ema20_atr_ts_bot50==0&loc_dist_ema20_atr_ts_top60==0)|(reg_atr_change_rate_ts_top20==1&reg_atr_change_rate_ts_top70==0),*,loc_dist_ema20_atr_ts_bot50==0&loc_dist_ema20_atr_ts_top60==0,reg_atr_change_rate_ts_top20==1&reg_atr_change_rate_ts_top70==0,-0.32400407393773395,0.32400407393773395,0.03723586203775951,0.27605175971984863,0.11733333333333333,0.01728197519575429,1.0,1.0,0.5251461988304094,1260,,,0.01962161674635159,-0.0037581930834045124,0.03391691288295917,0.050149074644411484,,0.6666666666666666,,,,-0.0476863869667342,,-0.06814461987496608,0.047864450379869514,0.028660372194671824,2.02976451162071e-10,0.00027771347218682487,0.01,0.020297645116207103,0.01,0.01,0.01,0.0015005652672382336,0.0015005652672382336,9.00529e-05,-0.324094126837734,3,1,1,4,4,stage_a_context,,short,4-way,True,,production,production,,,0.039603302441530173,1.0,primary_target,0,ranking,research,"{""checks"": {""n_folds"": {""value"": 3, ""threshold"": 3, ""passed"": true}, ""healthy_fold_count"": {""value"": 3, ""threshold"": 2, ""passed"": true}, ""healthy_fold_ratio"": {""value"": 1.0, ""threshold"": 0.6666666666666666, ""passed"": true}, ""presence_freq"": {""value"": 1.0, ""threshold"": 0.75, ""passed"": true}, ""directional_mean_ret"": {""value"": 0.32400407393773395, ""threshold"": 0.0, ""passed"": true}, ""hurdle_excess"": {""value"": 0.3239140210377339, ""threshold"": 0.0, ""passed"": true}, ""min_support_actual"": {""value"": 1260, ""threshold"": 50, ""passed"": true}, ""is_structurally_sound"": {""value"": false, ""passed"": false}, ""trade_path_quality_score"": {""value"": 2.02976451162071e-10, ""threshold"": 0.0, ""passed"": true}}, ""failures"": [""structural_soundness_fail: ""], ""warnings"": [], ""classification"": ""research""}",0.0,0.0,0.4775714116793345,production,production,False,False,0.1
(*)|(loc_dist_ema20_atr_ts_bot50==0)|(reg_atr_change_rate_ts_band30_70==1&reg_atr_change_rate_ts_band40_60==1&reg_atr_change_rate_ts_top20==1),*,loc_dist_ema20_atr_ts_bot50==0,reg_atr_change_rate_ts_band30_70==1&reg_atr_change_rate_ts_band40_60==1&reg_atr_change_rate_ts_top20==1,-0.32400407393773395,0.32400407393773395,0.03723586203775951,0.27605175971984863,0.11733333333333333,0.01728197519575429,1.0,1.0,0.5251461988304094,1260,,,0.01962161674635159,-0.0037581930834045124,0.03391691288295917,0.050149074644411484,,0.6666666666666666,,,,-0.0476863869667342,,-0.06814461987496608,0.047864450379869514,0.028660372194671824,2.02976451162071e-10,0.00027771347218682487,0.01,0.020297645116207103,0.01,0.01,0.01,0.0015005652672382336,0.0015005652672382336,9.00529e-05,-0.324094126837734,3,1,1,4,4,stage_a_context,,short,4-way,True,,production,production,,,0.039603302441530173,1.0,primary_target,0,ranking,research,"{""checks"": {""n_folds"": {""value"": 3, ""threshold"": 3, ""passed"": true}, ""healthy_fold_count"": {""value"": 3, ""threshold"": 2, ""passed"": true}, ""healthy_fold_ratio"": {""value"": 1.0, ""threshold"": 0.6666666666666666, ""passed"": true}, ""presence_freq"": {""value"": 1.0, ""threshold"": 0.75, ""passed"": true}, ""directional_mean_ret"": {""value"": 0.32400407393773395, ""threshold"": 0.0, ""passed"": true}, ""hurdle_excess"": {""value"": 0.3239140210377339, ""threshold"": 0.0, ""passed"": true}, ""min_support_actual"": {""value"": 1260, ""threshold"": 50, ""passed"": true}, ""is_structurally_sound"": {""value"": false, ""passed"": false}, ""trade_path_quality_score"": {""value"": 2.02976451162071e-10, ""threshold"": 0.0, ""passed"": true}}, ""failures"": [""structural_soundness_fail: ""], ""warnings"": [], ""classification"": ""research""}",0.0,0.0,0.4691066067789393,production,production,False,False,0.1
(*)|(loc_dist_ema20_atr_ts_bot20==0)|(reg_atr_change_rate_ts_bot40==0&reg_atr_change_rate_ts_top50==1&reg_atr_change_rate_ts_top60==0),*,loc_dist_ema20_atr_ts_bot20==0,reg_atr_change_rate_ts_bot40==0&reg_atr_change_rate_ts_top50==1&reg_atr_change_rate_ts_top60==0,-0.32400407393773395,0.32400407393773395,0.03723586203775951,0.27605175971984863,0.11733333333333333,0.01728197519575429,1.0,1.0,0.5251461988304094,1260,,,0.01962161674635159,-0.0037581930834045124,0.03391691288295917,0.050149074644411484,,0.6666666666666666,,,,-0.0476863869667342,,-0.06814461987496608,0.047864450379869514,0.028660372194671824,2.02976451162071e-10,0.00027771347218682487,0.01,0.020297645116207103,0.01,0.01,0.01,0.0015005652672382336,0.0015005652672382336,9.00529e-05,-0.324094126837734,3,1,1,4,4,stage_a_context,,short,4-way,True,,production,production,,,0.039603302441530173,1.0,primary_target,0,ranking,research,"{""checks"": {""n_folds"": {""value"": 3, ""threshold"": 3, ""passed"": true}, ""healthy_fold_count"": {""value"": 3, ""threshold"": 2, ""passed"": true}, ""healthy_fold_ratio"": {""value"": 1.0, ""threshold"": 0.6666666666666666, ""passed"": true}, ""presence_freq"": {""value"": 1.0, ""threshold"": 0.75, ""passed"": true}, ""directional_mean_ret"": {""value"": 0.32400407393773395, ""threshold"": 0.0, ""passed"": true}, ""hurdle_excess"": {""value"": 0.3239140210377339, ""threshold"": 0.0, ""passed"": true}, ""min_support_actual"": {""value"": 1260, ""threshold"": 50, ""passed"": true}, ""is_structurally_sound"": {""value"": false, ""passed"": false}, ""trade_path_quality_score"": {""value"": 2.02976451162071e-10, ""threshold"": 0.0, ""passed"": true}}, ""failures"": [""structural_soundness_fail: ""], ""warnings"": [], ""classification"": ""research""}",0.0,0.0,0.28292603952364026,production,production,False,False,0.1
(*)|(loc_dist_ema20_atr_ts_band30_70==1)|(reg_atr_change_rate_ts_bot50==0&reg_atr_change_rate_ts_top20==1&reg_atr_change_rate_ts_top40==1&reg_atr_change_rate_ts_top60==0),*,loc_dist_ema20_atr_ts_band30_70==1,reg_atr_change_rate_ts_bot50==0&reg_atr_change_rate_ts_top20==1&reg_atr_change_rate_ts_top40==1&reg_atr_change_rate_ts_top60==0,-0.32400407393773395,0.32400407393773395,0.03723586203775951,0.27605175971984863,0.11733333333333333,0.01728197519575429,1.0,1.0,0.5251461988304094,1260,,,0.01962161674635159,-0.0037581930834045124,0.03391691288295917,0.050149074644411484,,0.6666666666666666,,,,-0.0476863869667342,,-0.06814461987496608,0.047864450379869514,0.028660372194671824,2.02976451162071e-10,0.00027771347218682487,0.01,0.020297645116207103,0.01,0.01,0.01,0.0015005652672382336,0.0015005652672382336,9.00529e-05,-0.324094126837734,3,1,1,5,5,stage_a_context,,short,5-way,True,,production,production,,,0.039603302441530173,1.0,primary_target,0,ranking,research,"{""checks"": {""n_folds"": {""value"": 3, ""threshold"": 3, ""passed"": true}, ""healthy_fold_count"": {""value"": 3, ""threshold"": 2, ""passed"": true}, ""healthy_fold_ratio"": {""value"": 1.0, ""threshold"": 0.6666666666666666, ""passed"": true}, ""presence_freq"": {""value"": 1.0, ""threshold"": 0.75, ""passed"": true}, ""directional_mean_ret"": {""value"": 0.32400407393773395, ""threshold"": 0.0, ""passed"": true}, ""hurdle_excess"": {""value"": 0.3239140210377339, ""threshold"": 0.0, ""passed"": true}, ""min_support_actual"": {""value"": 1260, ""threshold"": 50, ""passed"": true}, ""is_structurally_sound"": {""value"": false, ""passed"": false}, ""trade_path_quality_score"": {""value"": 2.02976451162071e-10, ""threshold"": 0.0, ""passed"": true}}, ""failures"": [""structural_soundness_fail: ""], ""warnings"": [], ""classification"": ""research""}",0.0,0.0,0.29542172543970374,production,production,False,False,0.1
(*)|(loc_dist_ema20_atr_ts_band30_70==1)|(reg_atr_change_rate_ts_top20==1&reg_atr_change_rate_ts_top50==1&reg_atr_change_rate_ts_top60==0),*,loc_dist_ema20_atr_ts_band30_70==1,reg_atr_change_rate_ts_top20==1&reg_atr_change_rate_ts_top50==1&reg_atr_change_rate_ts_top60==0,-0.32400407393773395,0.32400407393773395,0.03723586203775951,0.27605175971984863,0.11733333333333333,0.01728197519575429,1.0,1.0,0.5251461988304094,1260,,,0.01962161674635159,-0.0037581930834045124,0.03391691288295917,0.050149074644411484,,0.6666666666666666,,,,-0.0476863869667342,,-0.06814461987496608,0.047864450379869514,0.028660372194671824,2.02976451162071e-10,0.00027771347218682487,0.01,0.020297645116207103,0.01,0.01,0.01,0.0015005652672382336,0.0015005652672382336,9.00529e-05,-0.324094126837734,3,1,1,4,4,stage_a_context,,short,4-way,True,,production,production,,,0.039603302441530173,1.0,primary_target,0,ranking,research,"{""checks"": {""n_folds"": {""value"": 3, ""threshold"": 3, ""passed"": true}, ""healthy_fold_count"": {""value"": 3, ""threshold"": 2, ""passed"": true}, ""healthy_fold_ratio"": {""value"": 1.0, ""threshold"": 0.6666666666666666, ""passed"": true}, ""presence_freq"": {""value"": 1.0, ""threshold"": 0.75, ""passed"": true}, ""directional_mean_ret"": {""value"": 0.32400407393773395, ""threshold"": 0.0, ""passed"": true}, ""hurdle_excess"": {""value"": 0.3239140210377339, ""threshold"": 0.0, ""passed"": true}, ""min_support_actual"": {""value"": 1260, ""threshold"": 50, ""passed"": true}, ""is_structurally_sound"": {""value"": false, ""passed"": false}, ""trade_path_quality_score"": {""value"": 2.02976451162071e-10, ""threshold"": 0.0, ""passed"": true}}, ""failures"": [""structural_soundness_fail: ""], ""warnings"": [], ""classification"": ""research""}",0.0,0.0,0.5577990385379606,production,production,False,False,0.1
(*)|(loc_dist_ema20_atr_ts_band30_70==1)|(reg_atr_change_rate_ts_top20==1&reg_atr_change_rate_ts_top40==1&reg_atr_change_rate_ts_top50==1&reg_atr_change_rate_ts_top60==0),*,loc_dist_ema20_atr_ts_band30_70==1,reg_atr_change_rate_ts_top20==1&reg_atr_change_rate_ts_top40==1&reg_atr_change_rate_ts_top50==1&reg_atr_change_rate_ts_top60==0,-0.32400407393773395,0.32400407393773395,0.03723586203775951,0.27605175971984863,0.11733333333333333,0.01728197519575429,1.0,1.0,0.5251461988304094,1260,,,0.01962161674635159,-0.0037581930834045124,0.03391691288295917,0.050149074644411484,,0.6666666666666666,,,,-0.0476863869667342,,-0.06814461987496608,0.047864450379869514,0.028660372194671824,2.02976451162071e-10,0.00027771347218682487,0.01,0.020297645116207103,0.01,0.01,0.01,0.0015005652672382336,0.0015005652672382336,9.00529e-05,-0.324094126837734,3,1,1,5,5,stage_a_context,,short,5-way,True,,production,production,,,0.039603302441530173,1.0,primary_target,0,ranking,research,"{""checks"": {""n_folds"": {""value"": 3, ""threshold"": 3, ""passed"": true}, ""healthy_fold_count"": {""value"": 3, ""threshold"": 2, ""passed"": true}, ""healthy_fold_ratio"": {""value"": 1.0, ""threshold"": 0.6666666666666666, ""passed"": true}, ""presence_freq"": {""value"": 1.0, ""threshold"": 0.75, ""passed"": true}, ""directional_mean_ret"": {""value"": 0.32400407393773395, ""threshold"": 0.0, ""passed"": true}, ""hurdle_excess"": {""value"": 0.3239140210377339, ""threshold"": 0.0, ""passed"": true}, ""min_support_actual"": {""value"": 1260, ""threshold"": 50, ""passed"": true}, ""is_structurally_sound"": {""value"": false, ""passed"": false}, ""trade_path_quality_score"": {""value"": 2.02976451162071e-10, ""threshold"": 0.0, ""passed"": true}}, ""failures"": [""structural_soundness_fail: ""], ""warnings"": [], ""classification"": ""research""}",0.0,0.0,0.3121431821338774,production,production,False,False,0.1
(*)|(*)|(reg_atr_change_rate_ts_band30_70==1&reg_atr_change_rate_ts_top20==1&reg_atr_change_rate_ts_top40==1&reg_atr_change_rate_ts_top50==1&reg_atr_change_rate_ts_top60==0),*,*,reg_atr_change_rate_ts_band30_70==1&reg_atr_change_rate_ts_top20==1&reg_atr_change_rate_ts_top40==1&reg_atr_change_rate_ts_top50==1&reg_atr_change_rate_ts_top60==0,-0.32400407393773395,0.32400407393773395,0.03723586203775951,0.27605175971984863,0.11733333333333333,0.01728197519575429,1.0,1.0,0.5251461988304094,1260,,,0.01962161674635159,-0.0037581930834045124,0.03391691288295917,0.050149074644411484,,0.6666666666666666,,,,-0.0476863869667342,,-0.06814461987496608,0.047864450379869514,0.028660372194671824,2.02976451162071e-10,0.00027771347218682487,0.01,0.020297645116207103,0.01,0.01,0.01,0.0015005652672382336,0.0015005652672382336,9.00529e-05,-0.324094126837734,3,1,1,5,5,stage_a_context,,short,5-way,True,,production,production,,,0.039603302441530173,1.0,primary_target,0,ranking,research,"{""checks"": {""n_folds"": {""value"": 3, ""threshold"": 3, ""passed"": true}, ""healthy_fold_count"": {""value"": 3, ""threshold"": 2, ""passed"": true}, ""healthy_fold_ratio"": {""value"": 1.0, ""threshold"": 0.6666666666666666, ""passed"": true}, ""presence_freq"": {""value"": 1.0, ""threshold"": 0.75, ""passed"": true}, ""directional_mean_ret"": {""value"": 0.32400407393773395, ""threshold"": 0.0, ""passed"": true}, ""hurdle_excess"": {""value"": 0.3239140210377339, ""threshold"": 0.0, ""passed"": true}, ""min_support_actual"": {""value"": 1260, ""threshold"": 50, ""passed"": true}, ""is_structurally_sound"": {""value"": false, ""passed"": false}, ""trade_path_quality_score"": {""value"": 2.02976451162071e-10, ""threshold"": 0.0, ""passed"": true}}, ""failures"": [""structural_soundness_fail: ""], ""warnings"": [], ""classification"": ""research""}",0.0,0.0,0.2689929443870405,production,production,False,False,0.1
(*)|(*)|(reg_atr_change_rate_ts_band30_70==1&reg_atr_change_rate_ts_top20==1&reg_atr_change_rate_ts_top50==1&reg_atr_change_rate_ts_top60==0),*,*,reg_atr_change_rate_ts_band30_70==1&reg_atr_change_rate_ts_top20==1&reg_atr_change_rate_ts_top50==1&reg_atr_change_rate_ts_top60==0,-0.32400407393773395,0.32400407393773395,0.03723586203775951,0.27605175971984863,0.11733333333333333,0.01728197519575429,1.0,1.0,0.5251461988304094,1260,,,0.01962161674635159,-0.0037581930834045124,0.03391691288295917,0.050149074644411484,,0.6666666666666666,,,,-0.0476863869667342,,-0.06814461987496608,0.047864450379869514,0.028660372194671824,2.02976451162071e-10,0.00027771347218682487,0.01,0.020297645116207103,0.01,0.01,0.01,0.0015005652672382336,0.0015005652672382336,9.00529e-05,-0.324094126837734,3,7,7,4,4,stage_a_context,,short,4-way,True,,production,production,,,0.039603302441530173,1.0,primary_target,0,ranking,research,"{""checks"": {""n_folds"": {""value"": 3, ""threshold"": 3, ""passed"": true}, ""healthy_fold_count"": {""value"": 3, ""threshold"": 2, ""passed"": true}, ""healthy_fold_ratio"": {""value"": 1.0, ""threshold"": 0.6666666666666666, ""passed"": true}, ""presence_freq"": {""value"": 1.0, ""threshold"": 0.75, ""passed"": true}, ""directional_mean_ret"": {""value"": 0.32400407393773395, ""threshold"": 0.0, ""passed"": true}, ""hurdle_excess"": {""value"": 0.3239140210377339, ""threshold"": 0.0, ""passed"": true}, ""min_support_actual"": {""value"": 1260, ""threshold"": 50, ""passed"": true}, ""is_structurally_sound"": {""value"": false, ""passed"": false}, ""trade_path_quality_score"": {""value"": 2.02976451162071e-10, ""threshold"": 0.0, ""passed"": true}}, ""failures"": [""structural_soundness_fail: ""], ""warnings"": [], ""classification"": ""research""}",0.0,0.0,0.36011130467392377,production,production,False,False,0.1
(*)|(*)|(reg_atr_change_rate_ts_bot20==0&reg_atr_change_rate_ts_top50==1&reg_atr_change_rate_ts_top60==0&reg_atr_change_rate_ts_top70==0),*,*,reg_atr_change_rate_ts_bot20==0&reg_atr_change_rate_ts_top50==1&reg_atr_change_rate_ts_top60==0&reg_atr_change_rate_ts_top70==0,-0.32400407393773395,0.32400407393773395,0.03723586203775951,0.27605175971984863,0.11733333333333333,0.01728197519575429,1.0,1.0,0.5251461988304094,1260,,,0.01962161674635159,-0.0037581930834045124,0.03391691288295917,0.050149074644411484,,0.6666666666666666,,,,-0.0476863869667342,,-0.06814461987496608,0.047864450379869514,0.028660372194671824,2.02976451162071e-10,0.00027771347218682487,0.01,0.020297645116207103,0.01,0.01,0.01,0.0015005652672382336,0.0015005652672382336,9.00529e-05,-0.324094126837734,3,1,1,4,4,stage_a_context,,short,4-way,True,,production,production,,,0.039603302441530173,1.0,primary_target,0,ranking,research,"{""checks"": {""n_folds"": {""value"": 3, ""threshold"": 3, ""passed"": true}, ""healthy_fold_count"": {""value"": 3, ""threshold"": 2, ""passed"": true}, ""healthy_fold_ratio"": {""value"": 1.0, ""threshold"": 0.6666666666666666, ""passed"": true}, ""presence_freq"": {""value"": 1.0, ""threshold"": 0.75, ""passed"": true}, ""directional_mean_ret"": {""value"": 0.32400407393773395, ""threshold"": 0.0, ""passed"": true}, ""hurdle_excess"": {""value"": 0.3239140210377339, ""threshold"": 0.0, ""passed"": true}, ""min_support_actual"": {""value"": 1260, ""threshold"": 50, ""passed"": true}, ""is_structurally_sound"": {""value"": false, ""passed"": false}, ""trade_path_quality_score"": {""value"": 2.02976451162071e-10, ""threshold"": 0.0, ""passed"": true}}, ""failures"": [""structural_soundness_fail: ""], ""warnings"": [], ""classification"": ""research""}",0.0,0.0,0.4962151691591317,production,production,False,False,0.1
(*)|(*)|(reg_atr_change_rate_ts_bot30==0&reg_atr_change_rate_ts_top20==1&reg_atr_change_rate_ts_top50==1&reg_atr_change_rate_ts_top60==0),*,*,reg_atr_change_rate_ts_bot30==0&reg_atr_change_rate_ts_top20==1&reg_atr_change_rate_ts_top50==1&reg_atr_change_rate_ts_top60==0,-0.32400407393773395,0.32400407393773395,0.03723586203775951,0.27605175971984863,0.11733333333333333,0.01728197519575429,1.0,1.0,0.5251461988304094,1260,,,0.01962161674635159,-0.0037581930834045124,0.03391691288295917,0.050149074644411484,,0.6666666666666666,,,,-0.0476863869667342,,-0.06814461987496608,0.047864450379869514,0.028660372194671824,2.02976451162071e-10,0.00027771347218682487,0.01,0.020297645116207103,0.01,0.01,0.01,0.0015005652672382336,0.0015005652672382336,9.00529e-05,-0.324094126837734,3,1,1,4,4,stage_a_context,,short,4-way,True,,production,production,,,0.039603302441530173,1.0,primary_target,0,ranking,research,"{""checks"": {""n_folds"": {""value"": 3, ""threshold"": 3, ""passed"": true}, ""healthy_fold_count"": {""value"": 3, ""threshold"": 2, ""passed"": true}, ""healthy_fold_ratio"": {""value"": 1.0, ""threshold"": 0.6666666666666666, ""passed"": true}, ""presence_freq"": {""value"": 1.0, ""threshold"": 0.75, ""passed"": true}, ""directional_mean_ret"": {""value"": 0.32400407393773395, ""threshold"": 0.0, ""passed"": true}, ""hurdle_excess"": {""value"": 0.3239140210377339, ""threshold"": 0.0, ""passed"": true}, ""min_support_actual"": {""value"": 1260, ""threshold"": 50, ""passed"": true}, ""is_structurally_sound"": {""value"": false, ""passed"": false}, ""trade_path_quality_score"": {""value"": 2.02976451162071e-10, ""threshold"": 0.0, ""passed"": true}}, ""failures"": [""structural_soundness_fail: ""], ""warnings"": [], ""classification"": ""research""}",0.0,0.0,0.39441974820550335,production,production,False,False,0.1
(*)|(*)|(reg_atr_change_rate_ts_bot70==1&reg_atr_change_rate_ts_top20==1&reg_atr_change_rate_ts_top50==1&reg_atr_change_rate_ts_top60==0&reg_atr_change_rate_ts_top80==0),*,*,reg_atr_change_rate_ts_bot70==1&reg_atr_change_rate_ts_top20==1&reg_atr_change_rate_ts_top50==1&reg_atr_change_rate_ts_top60==0&reg_atr_change_rate_ts_top80==0,-0.32400407393773395,0.32400407393773395,0.03723586203775951,0.27605175971984863,0.11733333333333333,0.01728197519575429,1.0,1.0,0.5251461988304094,1260,,,0.01962161674635159,-0.0037581930834045124,0.03391691288295917,0.050149074644411484,,0.6666666666666666,,,,-0.0476863869667342,,-0.06814461987496608,0.047864450379869514,0.028660372194671824,2.02976451162071e-10,0.00027771347218682487,0.01,0.020297645116207103,0.01,0.01,0.01,0.0015005652672382336,0.0015005652672382336,9.00529e-05,-0.324094126837734,3,1,1,5,5,stage_a_context,,short,5-way,True,,production,production,,,0.039603302441530173,1.0,primary_target,0,ranking,research,"{""checks"": {""n_folds"": {""value"": 3, ""threshold"": 3, ""passed"": true}, ""healthy_fold_count"": {""value"": 3, ""threshold"": 2, ""passed"": true}, ""healthy_fold_ratio"": {""value"": 1.0, ""threshold"": 0.6666666666666666, ""passed"": true}, ""presence_freq"": {""value"": 1.0, ""threshold"": 0.75, ""passed"": true}, ""directional_mean_ret"": {""value"": 0.32400407393773395, ""threshold"": 0.0, ""passed"": true}, ""hurdle_excess"": {""value"": 0.3239140210377339, ""threshold"": 0.0, ""passed"": true}, ""min_support_actual"": {""value"": 1260, ""threshold"": 50, ""passed"": true}, ""is_structurally_sound"": {""value"": false, ""passed"": false}, ""trade_path_quality_score"": {""value"": 2.02976451162071e-10, ""threshold"": 0.0, ""passed"": true}}, ""failures"": [""structural_soundness_fail: ""], ""warnings"": [], ""classification"": ""research""}",0.0,0.0,0.2887501007210648,production,production,False,False,0.1
(*)|(*)|(reg_atr_change_rate_ts_top20==1&reg_atr_change_rate_ts_top50==1&reg_atr_change_rate_ts_top60==0&reg_atr_change_rate_ts_top70==0),*,*,reg_atr_change_rate_ts_top20==1&reg_atr_change_rate_ts_top50==1&reg_atr_change_rate_ts_top60==0&reg_atr_change_rate_ts_top70==0,-0.32400407393773395,0.32400407393773395,0.03723586203775951,0.27605175971984863,0.11733333333333333,0.01728197519575429,1.0,1.0,0.5251461988304094,1260,,,0.01962161674635159,-0.0037581930834045124,0.03391691288295917,0.050149074644411484,,0.6666666666666666,,,,-0.0476863869667342,,-0.06814461987496608,0.047864450379869514,0.028660372194671824,2.02976451162071e-10,0.00027771347218682487,0.01,0.020297645116207103,0.01,0.01,0.01,0.0015005652672382336,0.0015005652672382336,9.00529e-05,-0.324094126837734,3,2,2,4,4,stage_a_context,,short,4-way,True,,production,production,,,0.039603302441530173,1.0,primary_target,0,ranking,research,"{""checks"": {""n_folds"": {""value"": 3, ""threshold"": 3, ""passed"": true}, ""healthy_fold_count"": {""value"": 3, ""threshold"": 2, ""passed"": true}, ""healthy_fold_ratio"": {""value"": 1.0, ""threshold"": 0.6666666666666666, ""passed"": true}, ""presence_freq"": {""value"": 1.0, ""threshold"": 0.75, ""passed"": true}, ""directional_mean_ret"": {""value"": 0.32400407393773395, ""threshold"": 0.0, ""passed"": true}, ""hurdle_excess"": {""value"": 0.3239140210377339, ""threshold"": 0.0, ""passed"": true}, ""min_support_actual"": {""value"": 1260, ""threshold"": 50, ""passed"": true}, ""is_structurally_sound"": {""value"": false, ""passed"": false}, ""trade_path_quality_score"": {""value"": 2.02976451162071e-10, ""threshold"": 0.0, ""passed"": true}}, ""failures"": [""structural_soundness_fail: ""], ""warnings"": [], ""classification"": ""research""}",0.0,0.0,0.3271653069879009,production,production,False,False,0.1
(*)|(*)|(reg_atr_change_rate_ts_top20==1&reg_atr_change_rate_ts_top50==1&reg_atr_change_rate_ts_top60==0&reg_atr_change_rate_ts_top80==0),*,*,reg_atr_change_rate_ts_top20==1&reg_atr_change_rate_ts_top50==1&reg_atr_change_rate_ts_top60==0&reg_atr_change_rate_ts_top80==0,-0.32400407393773395,0.32400407393773395,0.03723586203775951,0.27605175971984863,0.11733333333333333,0.01728197519575429,1.0,1.0,0.5251461988304094,1260,,,0.01962161674635159,-0.0037581930834045124,0.03391691288295917,0.050149074644411484,,0.6666666666666666,,,,-0.0476863869667342,,-0.06814461987496608,0.047864450379869514,0.028660372194671824,2.02976451162071e-10,0.00027771347218682487,0.01,0.020297645116207103,0.01,0.01,0.01,0.0015005652672382336,0.0015005652672382336,9.00529e-05,-0.324094126837734,3,1,1,4,4,stage_a_context,,short,4-way,True,,production,production,,,0.039603302441530173,1.0,primary_target,0,ranking,research,"{""checks"": {""n_folds"": {""value"": 3, ""threshold"": 3, ""passed"": true}, ""healthy_fold_count"": {""value"": 3, ""threshold"": 2, ""passed"": true}, ""healthy_fold_ratio"": {""value"": 1.0, ""threshold"": 0.6666666666666666, ""passed"": true}, ""presence_freq"": {""value"": 1.0, ""threshold"": 0.75, ""passed"": true}, ""directional_mean_ret"": {""value"": 0.32400407393773395, ""threshold"": 0.0, ""passed"": true}, ""hurdle_excess"": {""value"": 0.3239140210377339, ""threshold"": 0.0, ""passed"": true}, ""min_support_actual"": {""value"": 1260, ""threshold"": 50, ""passed"": true}, ""is_structurally_sound"": {""value"": false, ""passed"": false}, ""trade_path_quality_score"": {""value"": 2.02976451162071e-10, ""threshold"": 0.0, ""passed"": true}}, ""failures"": [""structural_soundness_fail: ""], ""warnings"": [], ""classification"": ""research""}",0.0,0.0,0.2574542090480395,production,production,False,False,0.1
(*)|(loc_dist_ema20_atr_ts_band25_75==1)|(reg_atr_change_rate_ts_top20==1&reg_atr_change_rate_ts_top40==1&reg_atr_change_rate_ts_top50==1&reg_atr_change_rate_ts_top60==0&reg_atr_change_rate_ts_top70==0),*,loc_dist_ema20_atr_ts_band25_75==1,reg_atr_change_rate_ts_top20==1&reg_atr_change_rate_ts_top40==1&reg_atr_change_rate_ts_top50==1&reg_atr_change_rate_ts_top60==0&reg_atr_change_rate_ts_top70==0,-0.32400407393773395,0.32400407393773395,0.03723586203775951,0.27605175971984863,0.11733333333333333,0.01728197519575429,1.0,1.0,0.5251461988304094,1260,,,0.01962161674635159,-0.0037581930834045124,0.03391691288295917,0.050149074644411484,,0.6666666666666666,,,,-0.0476863869667342,,-0.06814461987496608,0.047864450379869514,0.028660372194671824,2.02976451162071e-10,0.00027771347218682487,0.01,0.020297645116207103,0.01,0.01,0.01,0.0015005652672382336,0.0015005652672382336,9.00529e-05,-0.324094126837734,3,1,1,6,6,stage_a_context,,short,6-way,True,,production,production,,,0.039603302441530173,1.0,primary_target,0,ranking,research,"{""checks"": {""n_folds"": {""value"": 3, ""threshold"": 3, ""passed"": true}, ""healthy_fold_count"": {""value"": 3, ""threshold"": 2, ""passed"": true}, ""healthy_fold_ratio"": {""value"": 1.0, ""threshold"": 0.6666666666666666, ""passed"": true}, ""presence_freq"": {""value"": 1.0, ""threshold"": 0.75, ""passed"": true}, ""directional_mean_ret"": {""value"": 0.32400407393773395, ""threshold"": 0.0, ""passed"": true}, ""hurdle_excess"": {""value"": 0.3239140210377339, ""threshold"": 0.0, ""passed"": true}, ""min_support_actual"": {""value"": 1260, ""threshold"": 50, ""passed"": true}, ""is_structurally_sound"": {""value"": false, ""passed"": false}, ""trade_path_quality_score"": {""value"": 2.02976451162071e-10, ""threshold"": 0.0, ""passed"": true}}, ""failures"": [""structural_soundness_fail: ""], ""warnings"": [], ""classification"": ""research""}",0.0,0.0,0.4316080331614601,production,production,False,False,0.1
(*)|(loc_dist_ema20_atr_ts_band30_70==1&loc_dist_ema20_atr_ts_top20==1&loc_dist_ema20_atr_ts_top50==1)|(reg_atr_change_rate_ts_bot60==1),*,loc_dist_ema20_atr_ts_band30_70==1&loc_dist_ema20_atr_ts_top20==1&loc_dist_ema20_atr_ts_top50==1,reg_atr_change_rate_ts_bot60==1,-0.32400407393773395,0.32400407393773395,0.03723586203775951,0.27605175971984863,0.11733333333333333,0.01728197519575429,1.0,1.0,0.5251461988304094,1260,,,0.01962161674635159,-0.0037581930834045124,0.03391691288295917,0.050149074644411484,,0.6666666666666666,,,,-0.0476863869667342,,-0.06814461987496608,0.047864450379869514,0.028660372194671824,2.02976451162071e-10,0.00027771347218682487,0.01,0.020297645116207103,0.01,0.01,0.01,0.0015005652672382336,0.0015005652672382336,9.00529e-05,-0.324094126837734,3,2,2,4,4,stage_a_context,,short,4-way,True,,production,production,,,0.039603302441530173,1.0,primary_target,0,ranking,research,"{""checks"": {""n_folds"": {""value"": 3, ""threshold"": 3, ""passed"": true}, ""healthy_fold_count"": {""value"": 3, ""threshold"": 2, ""passed"": true}, ""healthy_fold_ratio"": {""value"": 1.0, ""threshold"": 0.6666666666666666, ""passed"": true}, ""presence_freq"": {""value"": 1.0, ""threshold"": 0.75, ""passed"": true}, ""directional_mean_ret"": {""value"": 0.32400407393773395, ""threshold"": 0.0, ""passed"": true}, ""hurdle_excess"": {""value"": 0.3239140210377339, ""threshold"": 0.0, ""passed"": true}, ""min_support_actual"": {""value"": 1260, ""threshold"": 50, ""passed"": true}, ""is_structurally_sound"": {""value"": false, ""passed"": false}, ""trade_path_quality_score"": {""value"": 2.02976451162071e-10, ""threshold"": 0.0, ""passed"": true}}, ""failures"": [""structural_soundness_fail: ""], ""warnings"": [], ""classification"": ""research""}",0.0,0.0,0.4706686658486151,production,production,False,False,0.1
(*)|(loc_dist_ema20_atr_ts_band30_70==1&loc_dist_ema20_atr_ts_top20==1&loc_dist_ema20_atr_ts_top60==0)|(reg_atr_change_rate_ts_top50==1),*,loc_dist_ema20_atr_ts_band30_70==1&loc_dist_ema20_atr_ts_top20==1&loc_dist_ema20_atr_ts_top60==0,reg_atr_change_rate_ts_top50==1,-0.32400407393773395,0.32400407393773395,0.03723586203775951,0.27605175971984863,0.11733333333333333,0.01728197519575429,1.0,1.0,0.5251461988304094,1260,,,0.01962161674635159,-0.0037581930834045124,0.03391691288295917,0.050149074644411484,,0.6666666666666666,,,,-0.0476863869667342,,-0.06814461987496608,0.047864450379869514,0.028660372194671824,2.02976451162071e-10,0.00027771347218682487,0.01,0.020297645116207103,0.01,0.01,0.01,0.0015005652672382336,0.0015005652672382336,9.00529e-05,-0.324094126837734,3,2,2,4,4,stage_a_context,,short,4-way,True,,production,production,,,0.039603302441530173,1.0,primary_target,0,ranking,research,"{""checks"": {""n_folds"": {""value"": 3, ""threshold"": 3, ""passed"": true}, ""healthy_fold_count"": {""value"": 3, ""threshold"": 2, ""passed"": true}, ""healthy_fold_ratio"": {""value"": 1.0, ""threshold"": 0.6666666666666666, ""passed"": true}, ""presence_freq"": {""value"": 1.0, ""threshold"": 0.75, ""passed"": true}, ""directional_mean_ret"": {""value"": 0.32400407393773395, ""threshold"": 0.0, ""passed"": true}, ""hurdle_excess"": {""value"": 0.3239140210377339, ""threshold"": 0.0, ""passed"": true}, ""min_support_actual"": {""value"": 1260, ""threshold"": 50, ""passed"": true}, ""is_structurally_sound"": {""value"": false, ""passed"": false}, ""trade_path_quality_score"": {""value"": 2.02976451162071e-10, ""threshold"": 0.0, ""passed"": true}}, ""failures"": [""structural_soundness_fail: ""], ""warnings"": [], ""classification"": ""research""}",0.0,0.0,0.45228790405446956,production,production,False,False,0.1
(*)|(loc_dist_ema20_atr_ts_band30_70==1&loc_dist_ema20_atr_ts_top20==1)|(reg_atr_change_rate_ts_top40==1&reg_atr_change_rate_ts_top50==1&reg_atr_change_rate_ts_top60==0),*,loc_dist_ema20_atr_ts_band30_70==1&loc_dist_ema20_atr_ts_top20==1,reg_atr_change_rate_ts_top40==1&reg_atr_change_rate_ts_top50==1&reg_atr_change_rate_ts_top60==0,-0.32400407393773395,0.32400407393773395,0.03723586203775951,0.27605175971984863,0.11733333333333333,0.01728197519575429,1.0,1.0,0.5251461988304094,1260,,,0.01962161674635159,-0.0037581930834045124,0.03391691288295917,0.050149074644411484,,0.6666666666666666,,,,-0.0476863869667342,,-0.06814461987496608,0.047864450379869514,0.028660372194671824,2.02976451162071e-10,0.00027771347218682487,0.01,0.020297645116207103,0.01,0.01,0.01,0.0015005652672382336,0.0015005652672382336,9.00529e-05,-0.324094126837734,3,1,1,5,5,stage_a_context,,short,5-way,True,,production,production,,,0.039603302441530173,1.0,primary_target,0,ranking,research,"{""checks"": {""n_folds"": {""value"": 3, ""threshold"": 3, ""passed"": true}, ""healthy_fold_count"": {""value"": 3, ""threshold"": 2, ""passed"": true}, ""healthy_fold_ratio"": {""value"": 1.0, ""threshold"": 0.6666666666666666, ""passed"": true}, ""presence_freq"": {""value"": 1.0, ""threshold"": 0.75, ""passed"": true}, ""directional_mean_ret"": {""value"": 0.32400407393773395, ""threshold"": 0.0, ""passed"": true}, ""hurdle_excess"": {""value"": 0.3239140210377339, ""threshold"": 0.0, ""passed"": true}, ""min_support_actual"": {""value"": 1260, ""threshold"": 50, ""passed"": true}, ""is_structurally_sound"": {""value"": false, ""passed"": false}, ""trade_path_quality_score"": {""value"": 2.02976451162071e-10, ""threshold"": 0.0, ""passed"": true}}, ""failures"": [""structural_soundness_fail: ""], ""warnings"": [], ""classification"": ""research""}",0.0,0.0,0.5781457040223091,production,production,False,False,0.1
(*)|(loc_dist_ema20_atr_ts_band30_70==1&loc_dist_ema20_atr_ts_top50==1)|(reg_atr_change_rate_ts_top20==1&reg_atr_change_rate_ts_top60==0),*,loc_dist_ema20_atr_ts_band30_70==1&loc_dist_ema20_atr_ts_top50==1,reg_atr_change_rate_ts_top20==1&reg_atr_change_rate_ts_top60==0,-0.32400407393773395,0.32400407393773395,0.03723586203775951,0.27605175971984863,0.11733333333333333,0.01728197519575429,1.0,1.0,0.5251461988304094,1260,,,0.01962161674635159,-0.0037581930834045124,0.03391691288295917,0.050149074644411484,,0.6666666666666666,,,,-0.0476863869667342,,-0.06814461987496608,0.047864450379869514,0.028660372194671824,2.02976451162071e-10,0.00027771347218682487,0.01,0.020297645116207103,0.01,0.01,0.01,0.0015005652672382336,0.0015005652672382336,9.00529e-05,-0.324094126837734,3,2,2,4,4,stage_a_context,,short,4-way,True,,production,production,,,0.039603302441530173,1.0,primary_target,0,ranking,research,"{""checks"": {""n_folds"": {""value"": 3, ""threshold"": 3, ""passed"": true}, ""healthy_fold_count"": {""value"": 3, ""threshold"": 2, ""passed"": true}, ""healthy_fold_ratio"": {""value"": 1.0, ""threshold"": 0.6666666666666666, ""passed"": true}, ""presence_freq"": {""value"": 1.0, ""threshold"": 0.75, ""passed"": true}, ""directional_mean_ret"": {""value"": 0.32400407393773395, ""threshold"": 0.0, ""passed"": true}, ""hurdle_excess"": {""value"": 0.3239140210377339, ""threshold"": 0.0, ""passed"": true}, ""min_support_actual"": {""value"": 1260, ""threshold"": 50, ""passed"": true}, ""is_structurally_sound"": {""value"": false, ""passed"": false}, ""trade_path_quality_score"": {""value"": 2.02976451162071e-10, ""threshold"": 0.0, ""passed"": true}}, ""failures"": [""structural_soundness_fail: ""], ""warnings"": [], ""classification"": ""research""}",0.0,0.0,0.39505058534445003,production,production,False,False,0.1
(*)|(loc_dist_ema20_atr_ts_band30_70==1&loc_dist_ema20_atr_ts_top60==0)|(reg_atr_change_rate_ts_top20==1&reg_atr_change_rate_ts_top50==1),*,loc_dist_ema20_atr_ts_band30_70==1&loc_dist_ema20_atr_ts_top60==0,reg_atr_change_rate_ts_top20==1&reg_atr_change_rate_ts_top50==1,-0.32400407393773395,0.32400407393773395,0.03723586203775951,0.27605175971984863,0.11733333333333333,0.01728197519575429,1.0,1.0,0.5251461988304094,1260,,,0.01962161674635159,-0.0037581930834045124,0.03391691288295917,0.050149074644411484,,0.6666666666666666,,,,-0.0476863869667342,,-0.06814461987496608,0.047864450379869514,0.028660372194671824,2.02976451162071e-10,0.00027771347218682487,0.01,0.020297645116207103,0.01,0.01,0.01,0.0015005652672382336,0.0015005652672382336,9.00529e-05,-0.324094126837734,3,2,2,4,4,stage_a_context,,short,4-way,True,,production,production,,,0.039603302441530173,1.0,primary_target,0,ranking,research,"{""checks"": {""n_folds"": {""value"": 3, ""threshold"": 3, ""passed"": true}, ""healthy_fold_count"": {""value"": 3, ""threshold"": 2, ""passed"": true}, ""healthy_fold_ratio"": {""value"": 1.0, ""threshold"": 0.6666666666666666, ""passed"": true}, ""presence_freq"": {""value"": 1.0, ""threshold"": 0.75, ""passed"": true}, ""directional_mean_ret"": {""value"": 0.32400407393773395, ""threshold"": 0.0, ""passed"": true}, ""hurdle_excess"": {""value"": 0.3239140210377339, ""threshold"": 0.0, ""passed"": true}, ""min_support_actual"": {""value"": 1260, ""threshold"": 50, ""passed"": true}, ""is_structurally_sound"": {""value"": false, ""passed"": false}, ""trade_path_quality_score"": {""value"": 2.02976451162071e-10, ""threshold"": 0.0, ""passed"": true}}, ""failures"": [""structural_soundness_fail: ""], ""warnings"": [], ""classification"": ""research""}",0.0,0.0,0.5763787670779826,production,production,False,False,0.1
(*)|(*)|(reg_atr_change_rate_ts_band25_75==1&reg_atr_change_rate_ts_top20==1&reg_atr_change_rate_ts_top40==1&reg_atr_change_rate_ts_top50==1&reg_atr_change_rate_ts_top60==0&reg_atr_change_rate_ts_top70==0),*,*,reg_atr_change_rate_ts_band25_75==1&reg_atr_change_rate_ts_top20==1&reg_atr_change_rate_ts_top40==1&reg_atr_change_rate_ts_top50==1&reg_atr_change_rate_ts_top60==0&reg_atr_change_rate_ts_top70==0,-0.32400407393773395,0.32400407393773395,0.03723586203775951,0.27605175971984863,0.11733333333333333,0.01728197519575429,1.0,1.0,0.5251461988304094,1260,,,0.01962161674635159,-0.0037581930834045124,0.03391691288295917,0.050149074644411484,,0.6666666666666666,,,,-0.0476863869667342,,-0.06814461987496608,0.047864450379869514,0.028660372194671824,2.02976451162071e-10,0.00027771347218682487,0.01,0.020297645116207103,0.01,0.01,0.01,0.0015005652672382336,0.0015005652672382336,9.00529e-05,-0.324094126837734,3,1,1,6,6,stage_a_context,,short,6-way,True,,production,production,,,0.039603302441530173,1.0,primary_target,0,ranking,research,"{""checks"": {""n_folds"": {""value"": 3, ""threshold"": 3, ""passed"": true}, ""healthy_fold_count"": {""value"": 3, ""threshold"": 2, ""passed"": true}, ""healthy_fold_ratio"": {""value"": 1.0, ""threshold"": 0.6666666666666666, ""passed"": true}, ""presence_freq"": {""value"": 1.0, ""threshold"": 0.75, ""passed"": true}, ""directional_mean_ret"": {""value"": 0.32400407393773395, ""threshold"": 0.0, ""passed"": true}, ""hurdle_excess"": {""value"": 0.3239140210377339, ""threshold"": 0.0, ""passed"": true}, ""min_support_actual"": {""value"": 1260, ""threshold"": 50, ""passed"": true}, ""is_structurally_sound"": {""value"": false, ""passed"": false}, ""trade_path_quality_score"": {""value"": 2.02976451162071e-10, ""threshold"": 0.0, ""passed"": true}}, ""failures"": [""structural_soundness_fail: ""], ""warnings"": [], ""classification"": ""research""}",0.0,0.0,0.204122493034979,production,production,False,False,0.1
(*)|(loc_dist_ema20_atr_ts_top20==1&loc_dist_ema20_atr_ts_top50==1&loc_dist_ema20_atr_ts_top70==0)|(reg_atr_change_rate_ts_top60==0),*,loc_dist_ema20_atr_ts_top20==1&loc_dist_ema20_atr_ts_top50==1&loc_dist_ema20_atr_ts_top70==0,reg_atr_change_rate_ts_top60==0,-0.32400407393773395,0.32400407393773395,0.03723586203775951,0.27605175971984863,0.11733333333333333,0.01728197519575429,1.0,1.0,0.5251461988304094,1260,,,0.01962161674635159,-0.0037581930834045124,0.03391691288295917,0.050149074644411484,,0.6666666666666666,,,,-0.0476863869667342,,-0.06814461987496608,0.047864450379869514,0.028660372194671824,2.02976451162071e-10,0.00027771347218682487,0.01,0.020297645116207103,0.01,0.01,0.01,0.0015005652672382336,0.0015005652672382336,9.00529e-05,-0.324094126837734,3,1,1,4,4,stage_a_context,,short,4-way,True,,production,production,,,0.039603302441530173,1.0,primary_target,0,ranking,research,"{""checks"": {""n_folds"": {""value"": 3, ""threshold"": 3, ""passed"": true}, ""healthy_fold_count"": {""value"": 3, ""threshold"": 2, ""passed"": true}, ""healthy_fold_ratio"": {""value"": 1.0, ""threshold"": 0.6666666666666666, ""passed"": true}, ""presence_freq"": {""value"": 1.0, ""threshold"": 0.75, ""passed"": true}, ""directional_mean_ret"": {""value"": 0.32400407393773395, ""threshold"": 0.0, ""passed"": true}, ""hurdle_excess"": {""value"": 0.3239140210377339, ""threshold"": 0.0, ""passed"": true}, ""min_support_actual"": {""value"": 1260, ""threshold"": 50, ""passed"": true}, ""is_structurally_sound"": {""value"": false, ""passed"": false}, ""trade_path_quality_score"": {""value"": 2.02976451162071e-10, ""threshold"": 0.0, ""passed"": true}}, ""failures"": [""structural_soundness_fail: ""], ""warnings"": [], ""classification"": ""research""}",0.0,0.0,0.3468684636181395,production,production,False,False,0.1
(*)|(loc_dist_ema20_atr_ts_top20==1&loc_dist_ema20_atr_ts_top30==1)|(reg_atr_change_rate_ts_top50==1&reg_atr_change_rate_ts_top60==0&reg_atr_change_rate_ts_top70==0),*,loc_dist_ema20_atr_ts_top20==1&loc_dist_ema20_atr_ts_top30==1,reg_atr_change_rate_ts_top50==1&reg_atr_change_rate_ts_top60==0&reg_atr_change_rate_ts_top70==0,-0.32400407393773395,0.32400407393773395,0.03723586203775951,0.27605175971984863,0.11733333333333333,0.01728197519575429,1.0,1.0,0.5251461988304094,1260,,,0.01962161674635159,-0.0037581930834045124,0.03391691288295917,0.050149074644411484,,0.6666666666666666,,,,-0.0476863869667342,,-0.06814461987496608,0.047864450379869514,0.028660372194671824,2.02976451162071e-10,0.00027771347218682487,0.01,0.020297645116207103,0.01,0.01,0.01,0.0015005652672382336,0.0015005652672382336,9.00529e-05,-0.324094126837734,3,1,1,5,5,stage_a_context,,short,5-way,True,,production,production,,,0.039603302441530173,1.0,primary_target,0,ranking,research,"{""checks"": {""n_folds"": {""value"": 3, ""threshold"": 3, ""passed"": true}, ""healthy_fold_count"": {""value"": 3, ""threshold"": 2, ""passed"": true}, ""healthy_fold_ratio"": {""value"": 1.0, ""threshold"": 0.6666666666666666, ""passed"": true}, ""presence_freq"": {""value"": 1.0, ""threshold"": 0.75, ""passed"": true}, ""directional_mean_ret"": {""value"": 0.32400407393773395, ""threshold"": 0.0, ""passed"": true}, ""hurdle_excess"": {""value"": 0.3239140210377339, ""threshold"": 0.0, ""passed"": true}, ""min_support_actual"": {""value"": 1260, ""threshold"": 50, ""passed"": true}, ""is_structurally_sound"": {""value"": false, ""passed"": false}, ""trade_path_quality_score"": {""value"": 2.02976451162071e-10, ""threshold"": 0.0, ""passed"": true}}, ""failures"": [""structural_soundness_fail: ""], ""warnings"": [], ""classification"": ""research""}",0.0,0.0,0.5948891579766524,production,production,False,False,0.1
(*)|(loc_dist_ema20_atr_ts_top20==1&loc_dist_ema20_atr_ts_top50==1)|(reg_atr_change_rate_ts_band30_70==1&reg_atr_change_rate_ts_top40==1&reg_atr_change_rate_ts_top60==0),*,loc_dist_ema20_atr_ts_top20==1&loc_dist_ema20_atr_ts_top50==1,reg_atr_change_rate_ts_band30_70==1&reg_atr_change_rate_ts_top40==1&reg_atr_change_rate_ts_top60==0,-0.32400407393773395,0.32400407393773395,0.03723586203775951,0.27605175971984863,0.11733333333333333,0.01728197519575429,1.0,1.0,0.5251461988304094,1260,,,0.01962161674635159,-0.0037581930834045124,0.03391691288295917,0.050149074644411484,,0.6666666666666666,,,,-0.0476863869667342,,-0.06814461987496608,0.047864450379869514,0.028660372194671824,2.02976451162071e-10,0.00027771347218682487,0.01,0.020297645116207103,0.01,0.01,0.01,0.0015005652672382336,0.0015005652672382336,9.00529e-05,-0.324094126837734,3,1,1,5,5,stage_a_context,,short,5-way,True,,production,production,,,0.039603302441530173,1.0,primary_target,0,ranking,research,"{""checks"": {""n_folds"": {""value"": 3, ""threshold"": 3, ""passed"": true}, ""healthy_fold_count"": {""value"": 3, ""threshold"": 2, ""passed"": true}, ""healthy_fold_ratio"": {""value"": 1.0, ""threshold"": 0.6666666666666666, ""passed"": true}, ""presence_freq"": {""value"": 1.0, ""threshold"": 0.75, ""passed"": true}, ""directional_mean_ret"": {""value"": 0.32400407393773395, ""threshold"": 0.0, ""passed"": true}, ""hurdle_excess"": {""value"": 0.3239140210377339, ""threshold"": 0.0, ""passed"": true}, ""min_support_actual"": {""value"": 1260, ""threshold"": 50, ""passed"": true}, ""is_structurally_sound"": {""value"": false, ""passed"": false}, ""trade_path_quality_score"": {""value"": 2.02976451162071e-10, ""threshold"": 0.0, ""passed"": true}}, ""failures"": [""structural_soundness_fail: ""], ""warnings"": [], ""classification"": ""research""}",0.0,0.0,0.364630008651646,production,production,False,False,0.1
(*)|(loc_dist_ema20_atr_ts_top20==1&loc_dist_ema20_atr_ts_top50==1)|(reg_atr_change_rate_ts_band25_75==1&reg_atr_change_rate_ts_top60==0&reg_atr_change_rate_ts_top70==0),*,loc_dist_ema20_atr_ts_top20==1&loc_dist_ema20_atr_ts_top50==1,reg_atr_change_rate_ts_band25_75==1&reg_atr_change_rate_ts_top60==0&reg_atr_change_rate_ts_top70==0,-0.32400407393773395,0.32400407393773395,0.03723586203775951,0.27605175971984863,0.11733333333333333,0.01728197519575429,1.0,1.0,0.5251461988304094,1260,,,0.01962161674635159,-0.0037581930834045124,0.03391691288295917,0.050149074644411484,,0.6666666666666666,,,,-0.0476863869667342,,-0.06814461987496608,0.047864450379869514,0.028660372194671824,2.02976451162071e-10,0.00027771347218682487,0.01,0.020297645116207103,0.01,0.01,0.01,0.0015005652672382336,0.0015005652672382336,9.00529e-05,-0.324094126837734,3,1,1,5,5,stage_a_context,,short,5-way,True,,production,production,,,0.039603302441530173,1.0,primary_target,0,ranking,research,"{""checks"": {""n_folds"": {""value"": 3, ""threshold"": 3, ""passed"": true}, ""healthy_fold_count"": {""value"": 3, ""threshold"": 2, ""passed"": true}, ""healthy_fold_ratio"": {""value"": 1.0, ""threshold"": 0.6666666666666666, ""passed"": true}, ""presence_freq"": {""value"": 1.0, ""threshold"": 0.75, ""passed"": true}, ""directional_mean_ret"": {""value"": 0.32400407393773395, ""threshold"": 0.0, ""passed"": true}, ""hurdle_excess"": {""value"": 0.3239140210377339, ""threshold"": 0.0, ""passed"": true}, ""min_support_actual"": {""value"": 1260, ""threshold"": 50, ""passed"": true}, ""is_structurally_sound"": {""value"": false, ""passed"": false}, ""trade_path_quality_score"": {""value"": 2.02976451162071e-10, ""threshold"": 0.0, ""passed"": true}}, ""failures"": [""structural_soundness_fail: ""], ""warnings"": [], ""classification"": ""research""}",0.0,0.0,0.27330753240095645,production,production,False,False,0.1
(*)|(loc_dist_ema20_atr_ts_top60==0)|(reg_atr_change_rate_ts_top20==1&reg_atr_change_rate_ts_top30==1&reg_atr_change_rate_ts_top50==1&reg_atr_change_rate_ts_top70==0),*,loc_dist_ema20_atr_ts_top60==0,reg_atr_change_rate_ts_top20==1&reg_atr_change_rate_ts_top30==1&reg_atr_change_rate_ts_top50==1&reg_atr_change_rate_ts_top70==0,-0.32400407393773395,0.32400407393773395,0.03723586203775951,0.27605175971984863,0.11733333333333333,0.01728197519575429,1.0,1.0,0.5251461988304094,1260,,,0.01962161674635159,-0.0037581930834045124,0.03391691288295917,0.050149074644411484,,0.6666666666666666,,,,-0.0476863869667342,,-0.06814461987496608,0.047864450379869514,0.028660372194671824,2.02976451162071e-10,0.00027771347218682487,0.01,0.020297645116207103,0.01,0.01,0.01,0.0015005652672382336,0.0015005652672382336,9.00529e-05,-0.324094126837734,3,1,1,5,5,stage_a_context,,short,5-way,True,,production,production,,,0.039603302441530173,1.0,primary_target,0,ranking,research,"{""checks"": {""n_folds"": {""value"": 3, ""threshold"": 3, ""passed"": true}, ""healthy_fold_count"": {""value"": 3, ""threshold"": 2, ""passed"": true}, ""healthy_fold_ratio"": {""value"": 1.0, ""threshold"": 0.6666666666666666, ""passed"": true}, ""presence_freq"": {""value"": 1.0, ""threshold"": 0.75, ""passed"": true}, ""directional_mean_ret"": {""value"": 0.32400407393773395, ""threshold"": 0.0, ""passed"": true}, ""hurdle_excess"": {""value"": 0.3239140210377339, ""threshold"": 0.0, ""passed"": true}, ""min_support_actual"": {""value"": 1260, ""threshold"": 50, ""passed"": true}, ""is_structurally_sound"": {""value"": false, ""passed"": false}, ""trade_path_quality_score"": {""value"": 2.02976451162071e-10, ""threshold"": 0.0, ""passed"": true}}, ""failures"": [""structural_soundness_fail: ""], ""warnings"": [], ""classification"": ""research""}",0.0,0.0,0.5354040445824765,production,production,False,False,0.1
(*)|(loc_dist_ema20_atr_ts_top50==1)|(reg_atr_change_rate_ts_top20==1&reg_atr_change_rate_ts_top40==1&reg_atr_change_rate_ts_top60==0&reg_atr_change_rate_ts_top70==0),*,loc_dist_ema20_atr_ts_top50==1,reg_atr_change_rate_ts_top20==1&reg_atr_change_rate_ts_top40==1&reg_atr_change_rate_ts_top60==0&reg_atr_change_rate_ts_top70==0,-0.32400407393773395,0.32400407393773395,0.03723586203775951,0.27605175971984863,0.11733333333333333,0.01728197519575429,1.0,1.0,0.5251461988304094,1260,,,0.01962161674635159,-0.0037581930834045124,0.03391691288295917,0.050149074644411484,,0.6666666666666666,,,,-0.0476863869667342,,-0.06814461987496608,0.047864450379869514,0.028660372194671824,2.02976451162071e-10,0.00027771347218682487,0.01,0.020297645116207103,0.01,0.01,0.01,0.0015005652672382336,0.0015005652672382336,9.00529e-05,-0.324094126837734,3,2,2,5,5,stage_a_context,,short,5-way,True,,production,production,,,0.039603302441530173,1.0,primary_target,0,ranking,research,"{""checks"": {""n_folds"": {""value"": 3, ""threshold"": 3, ""passed"": true}, ""healthy_fold_count"": {""value"": 3, ""threshold"": 2, ""passed"": true}, ""healthy_fold_ratio"": {""value"": 1.0, ""threshold"": 0.6666666666666666, ""passed"": true}, ""presence_freq"": {""value"": 1.0, ""threshold"": 0.75, ""passed"": true}, ""directional_mean_ret"": {""value"": 0.32400407393773395, ""threshold"": 0.0, ""passed"": true}, ""hurdle_excess"": {""value"": 0.3239140210377339, ""threshold"": 0.0, ""passed"": true}, ""min_support_actual"": {""value"": 1260, ""threshold"": 50, ""passed"": true}, ""is_structurally_sound"": {""value"": false, ""passed"": false}, ""trade_path_quality_score"": {""value"": 2.02976451162071e-10, ""threshold"": 0.0, ""passed"": true}}, ""failures"": [""structural_soundness_fail: ""], ""warnings"": [], ""classification"": ""research""}",0.0,0.0,0.48980646418093676,production,production,False,False,0.1
(*)|(loc_dist_ema20_atr_ts_top50==1)|(reg_atr_change_rate_ts_top20==1&reg_atr_change_rate_ts_top40==1&reg_atr_change_rate_ts_top60==0),*,loc_dist_ema20_atr_ts_top50==1,reg_atr_change_rate_ts_top20==1&reg_atr_change_rate_ts_top40==1&reg_atr_change_rate_ts_top60==0,-0.32400407393773395,0.32400407393773395,0.03723586203775951,0.27605175971984863,0.11733333333333333,0.01728197519575429,1.0,1.0,0.5251461988304094,1260,,,0.01962161674635159,-0.0037581930834045124,0.03391691288295917,0.050149074644411484,,0.6666666666666666,,,,-0.0476863869667342,,-0.06814461987496608,0.047864450379869514,0.028660372194671824,2.02976451162071e-10,0.00027771347218682487,0.01,0.020297645116207103,0.01,0.01,0.01,0.0015005652672382336,0.0015005652672382336,9.00529e-05,-0.324094126837734,3,1,1,4,4,stage_a_context,,short,4-way,True,,production,production,,,0.039603302441530173,1.0,primary_target,0,ranking,research,"{""checks"": {""n_folds"": {""value"": 3, ""threshold"": 3, ""passed"": true}, ""healthy_fold_count"": {""value"": 3, ""threshold"": 2, ""passed"": true}, ""healthy_fold_ratio"": {""value"": 1.0, ""threshold"": 0.6666666666666666, ""passed"": true}, ""presence_freq"": {""value"": 1.0, ""threshold"": 0.75, ""passed"": true}, ""directional_mean_ret"": {""value"": 0.32400407393773395, ""threshold"": 0.0, ""passed"": true}, ""hurdle_excess"": {""value"": 0.3239140210377339, ""threshold"": 0.0, ""passed"": true}, ""min_support_actual"": {""value"": 1260, ""threshold"": 50, ""passed"": true}, ""is_structurally_sound"": {""value"": false, ""passed"": false}, ""trade_path_quality_score"": {""value"": 2.02976451162071e-10, ""threshold"": 0.0, ""passed"": true}}, ""failures"": [""structural_soundness_fail: ""], ""warnings"": [], ""classification"": ""research""}",0.0,0.0,0.2698331902796456,production,production,False,False,0.1
(*)|(loc_dist_ema20_atr_ts_top60==0&loc_dist_ema20_atr_ts_top80==0)|(reg_atr_change_rate_ts_bot50==0&reg_atr_change_rate_ts_top20==1&reg_atr_change_rate_ts_top70==0),*,loc_dist_ema20_atr_ts_top60==0&loc_dist_ema20_atr_ts_top80==0,reg_atr_change_rate_ts_bot50==0&reg_atr_change_rate_ts_top20==1&reg_atr_change_rate_ts_top70==0,-0.32400407393773395,0.32400407393773395,0.03723586203775951,0.27605175971984863,0.11733333333333333,0.01728197519575429,1.0,1.0,0.5251461988304094,1260,,,0.01962161674635159,-0.0037581930834045124,0.03391691288295917,0.050149074644411484,,0.6666666666666666,,,,-0.0476863869667342,,-0.06814461987496608,0.047864450379869514,0.028660372194671824,2.02976451162071e-10,0.00027771347218682487,0.01,0.020297645116207103,0.01,0.01,0.01,0.0015005652672382336,0.0015005652672382336,9.00529e-05,-0.324094126837734,3,1,1,5,5,stage_a_context,,short,5-way,True,,production,production,,,0.039603302441530173,1.0,primary_target,0,ranking,research,"{""checks"": {""n_folds"": {""value"": 3, ""threshold"": 3, ""passed"": true}, ""healthy_fold_count"": {""value"": 3, ""threshold"": 2, ""passed"": true}, ""healthy_fold_ratio"": {""value"": 1.0, ""threshold"": 0.6666666666666666, ""passed"": true}, ""presence_freq"": {""value"": 1.0, ""threshold"": 0.75, ""passed"": true}, ""directional_mean_ret"": {""value"": 0.32400407393773395, ""threshold"": 0.0, ""passed"": true}, ""hurdle_excess"": {""value"": 0.3239140210377339, ""threshold"": 0.0, ""passed"": true}, ""min_support_actual"": {""value"": 1260, ""threshold"": 50, ""passed"": true}, ""is_structurally_sound"": {""value"": false, ""passed"": false}, ""trade_path_quality_score"": {""value"": 2.02976451162071e-10, ""threshold"": 0.0, ""passed"": true}}, ""failures"": [""structural_soundness_fail: ""], ""warnings"": [], ""classification"": ""research""}",0.0,0.0,0.5839100176506814,production,production,False,False,0.1
(*)|(loc_dist_ema20_atr_ts_top60==0)|(reg_atr_change_rate_ts_band30_70==1&reg_atr_change_rate_ts_bot50==0&reg_atr_change_rate_ts_top20==1&reg_atr_change_rate_ts_top40==1),*,loc_dist_ema20_atr_ts_top60==0,reg_atr_change_rate_ts_band30_70==1&reg_atr_change_rate_ts_bot50==0&reg_atr_change_rate_ts_top20==1&reg_atr_change_rate_ts_top40==1,-0.32400407393773395,0.32400407393773395,0.03723586203775951,0.27605175971984863,0.11733333333333333,0.01728197519575429,1.0,1.0,0.5251461988304094,1260,,,0.01962161674635159,-0.0037581930834045124,0.03391691288295917,0.050149074644411484,,0.6666666666666666,,,,-0.0476863869667342,,-0.06814461987496608,0.047864450379869514,0.028660372194671824,2.02976451162071e-10,0.00027771347218682487,0.01,0.020297645116207103,0.01,0.01,0.01,0.0015005652672382336,0.0015005652672382336,9.00529e-05,-0.324094126837734,3,1,1,5,5,stage_a_context,,short,5-way,True,,production,production,,,0.039603302441530173,1.0,primary_target,0,ranking,research,"{""checks"": {""n_folds"": {""value"": 3, ""threshold"": 3, ""passed"": true}, ""healthy_fold_count"": {""value"": 3, ""threshold"": 2, ""passed"": true}, ""healthy_fold_ratio"": {""value"": 1.0, ""threshold"": 0.6666666666666666, ""passed"": true}, ""presence_freq"": {""value"": 1.0, ""threshold"": 0.75, ""passed"": true}, ""directional_mean_ret"": {""value"": 0.32400407393773395, ""threshold"": 0.0, ""passed"": true}, ""hurdle_excess"": {""value"": 0.3239140210377339, ""threshold"": 0.0, ""passed"": true}, ""min_support_actual"": {""value"": 1260, ""threshold"": 50, ""passed"": true}, ""is_structurally_sound"": {""value"": false, ""passed"": false}, ""trade_path_quality_score"": {""value"": 2.02976451162071e-10, ""threshold"": 0.0, ""passed"": true}}, ""failures"": [""structural_soundness_fail: ""], ""warnings"": [], ""classification"": ""research""}",0.0,0.0,0.5198643828785212,production,production,False,False,0.1
(*)|(loc_dist_ema20_atr_ts_top60==0)|(reg_atr_change_rate_ts_band30_70==1&reg_atr_change_rate_ts_bot50==0&reg_atr_change_rate_ts_top20==1),*,loc_dist_ema20_atr_ts_top60==0,reg_atr_change_rate_ts_band30_70==1&reg_atr_change_rate_ts_bot50==0&reg_atr_change_rate_ts_top20==1,-0.32400407393773395,0.32400407393773395,0.03723586203775951,0.27605175971984863,0.11733333333333333,0.01728197519575429,1.0,1.0,0.5251461988304094,1260,,,0.01962161674635159,-0.0037581930834045124,0.03391691288295917,0.050149074644411484,,0.6666666666666666,,,,-0.0476863869667342,,-0.06814461987496608,0.047864450379869514,0.028660372194671824,2.02976451162071e-10,0.00027771347218682487,0.01,0.020297645116207103,0.01,0.01,0.01,0.0015005652672382336,0.0015005652672382336,9.00529e-05,-0.324094126837734,3,2,2,4,4,stage_a_context,,short,4-way,True,,production,production,,,0.039603302441530173,1.0,primary_target,0,ranking,research,"{""checks"": {""n_folds"": {""value"": 3, ""threshold"": 3, ""passed"": true}, ""healthy_fold_count"": {""value"": 3, ""threshold"": 2, ""passed"": true}, ""healthy_fold_ratio"": {""value"": 1.0, ""threshold"": 0.6666666666666666, ""passed"": true}, ""presence_freq"": {""value"": 1.0, ""threshold"": 0.75, ""passed"": true}, ""directional_mean_ret"": {""value"": 0.32400407393773395, ""threshold"": 0.0, ""passed"": true}, ""hurdle_excess"": {""value"": 0.3239140210377339, ""threshold"": 0.0, ""passed"": true}, ""min_support_actual"": {""value"": 1260, ""threshold"": 50, ""passed"": true}, ""is_structurally_sound"": {""value"": false, ""passed"": false}, ""trade_path_quality_score"": {""value"": 2.02976451162071e-10, ""threshold"": 0.0, ""passed"": true}}, ""failures"": [""structural_soundness_fail: ""], ""warnings"": [], ""classification"": ""research""}",0.0,0.0,0.5287755978934896,production,production,False,False,0.1
(*)|(loc_dist_ema20_atr_ts_top60==0)|(reg_atr_change_rate_ts_band30_70==1&reg_atr_change_rate_ts_top20==1&reg_atr_change_rate_ts_top50==1),*,loc_dist_ema20_atr_ts_top60==0,reg_atr_change_rate_ts_band30_70==1&reg_atr_change_rate_ts_top20==1&reg_atr_change_rate_ts_top50==1,-0.32400407393773395,0.32400407393773395,0.03723586203775951,0.27605175971984863,0.11733333333333333,0.01728197519575429,1.0,1.0,0.5251461988304094,1260,,,0.01962161674635159,-0.0037581930834045124,0.03391691288295917,0.050149074644411484,,0.6666666666666666,,,,-0.0476863869667342,,-0.06814461987496608,0.047864450379869514,0.028660372194671824,2.02976451162071e-10,0.00027771347218682487,0.01,0.020297645116207103,0.01,0.01,0.01,0.0015005652672382336,0.0015005652672382336,9.00529e-05,-0.324094126837734,3,3,3,4,4,stage_a_context,,short,4-way,True,,production,production,,,0.039603302441530173,1.0,primary_target,0,ranking,research,"{""checks"": {""n_folds"": {""value"": 3, ""threshold"": 3, ""passed"": true}, ""healthy_fold_count"": {""value"": 3, ""threshold"": 2, ""passed"": true}, ""healthy_fold_ratio"": {""value"": 1.0, ""threshold"": 0.6666666666666666, ""passed"": true}, ""presence_freq"": {""value"": 1.0, ""threshold"": 0.75, ""passed"": true}, ""directional_mean_ret"": {""value"": 0.32400407393773395, ""threshold"": 0.0, ""passed"": true}, ""hurdle_excess"": {""value"": 0.3239140210377339, ""threshold"": 0.0, ""passed"": true}, ""min_support_actual"": {""value"": 1260, ""threshold"": 50, ""passed"": true}, ""is_structurally_sound"": {""value"": false, ""passed"": false}, ""trade_path_quality_score"": {""value"": 2.02976451162071e-10, ""threshold"": 0.0, ""passed"": true}}, ""failures"": [""structural_soundness_fail: ""], ""warnings"": [], ""classification"": ""research""}",0.0,0.0,0.511301263726851,production,production,False,False,0.1
(*)|(loc_dist_ema20_atr_ts_top60==0)|(reg_atr_change_rate_ts_top20==1&reg_atr_change_rate_ts_top40==1&reg_atr_change_rate_ts_top50==1&reg_atr_change_rate_ts_top70==0),*,loc_dist_ema20_atr_ts_top60==0,reg_atr_change_rate_ts_top20==1&reg_atr_change_rate_ts_top40==1&reg_atr_change_rate_ts_top50==1&reg_atr_change_rate_ts_top70==0,-0.32400407393773395,0.32400407393773395,0.03723586203775951,0.27605175971984863,0.11733333333333333,0.01728197519575429,1.0,1.0,0.5251461988304094,1260,,,0.01962161674635159,-0.0037581930834045124,0.03391691288295917,0.050149074644411484,,0.6666666666666666,,,,-0.0476863869667342,,-0.06814461987496608,0.047864450379869514,0.028660372194671824,2.02976451162071e-10,0.00027771347218682487,0.01,0.020297645116207103,0.01,0.01,0.01,0.0015005652672382336,0.0015005652672382336,9.00529e-05,-0.324094126837734,3,2,2,5,5,stage_a_context,,short,5-way,True,,production,production,,,0.039603302441530173,1.0,primary_target,0,ranking,research,"{""checks"": {""n_folds"": {""value"": 3, ""threshold"": 3, ""passed"": true}, ""healthy_fold_count"": {""value"": 3, ""threshold"": 2, ""passed"": true}, ""healthy_fold_ratio"": {""value"": 1.0, ""threshold"": 0.6666666666666666, ""passed"": true}, ""presence_freq"": {""value"": 1.0, ""threshold"": 0.75, ""passed"": true}, ""directional_mean_ret"": {""value"": 0.32400407393773395, ""threshold"": 0.0, ""passed"": true}, ""hurdle_excess"": {""value"": 0.3239140210377339, ""threshold"": 0.0, ""passed"": true}, ""min_support_actual"": {""value"": 1260, ""threshold"": 50, ""passed"": true}, ""is_structurally_sound"": {""value"": false, ""passed"": false}, ""trade_path_quality_score"": {""value"": 2.02976451162071e-10, ""threshold"": 0.0, ""passed"": true}}, ""failures"": [""structural_soundness_fail: ""], ""warnings"": [], ""classification"": ""research""}",0.0,0.0,0.5865593033961102,production,production,False,False,0.1
(*)|(loc_dist_ema20_atr_ts_top50==1)|(reg_atr_change_rate_ts_band30_70==1&reg_atr_change_rate_ts_band40_60==1&reg_atr_change_rate_ts_top20==1),*,loc_dist_ema20_atr_ts_top50==1,reg_atr_change_rate_ts_band30_70==1&reg_atr_change_rate_ts_band40_60==1&reg_atr_change_rate_ts_top20==1,-0.32400407393773395,0.32400407393773395,0.03723586203775951,0.27605175971984863,0.11733333333333333,0.01728197519575429,1.0,1.0,0.5251461988304094,1260,,,0.01962161674635159,-0.0037581930834045124,0.03391691288295917,0.050149074644411484,,0.6666666666666666,,,,-0.0476863869667342,,-0.06814461987496608,0.047864450379869514,0.028660372194671824,2.02976451162071e-10,0.00027771347218682487,0.01,0.020297645116207103,0.01,0.01,0.01,0.0015005652672382336,0.0015005652672382336,9.00529e-05,-0.324094126837734,3,1,1,4,4,stage_a_context,,short,4-way,True,,production,production,,,0.039603302441530173,1.0,primary_target,0,ranking,research,"{""checks"": {""n_folds"": {""value"": 3, ""threshold"": 3, ""passed"": true}, ""healthy_fold_count"": {""value"": 3, ""threshold"": 2, ""passed"": true}, ""healthy_fold_ratio"": {""value"": 1.0, ""threshold"": 0.6666666666666666, ""passed"": true}, ""presence_freq"": {""value"": 1.0, ""threshold"": 0.75, ""passed"": true}, ""directional_mean_ret"": {""value"": 0.32400407393773395, ""threshold"": 0.0, ""passed"": true}, ""hurdle_excess"": {""value"": 0.3239140210377339, ""threshold"": 0.0, ""passed"": true}, ""min_support_actual"": {""value"": 1260, ""threshold"": 50, ""passed"": true}, ""is_structurally_sound"": {""value"": false, ""passed"": false}, ""trade_path_quality_score"": {""value"": 2.02976451162071e-10, ""threshold"": 0.0, ""passed"": true}}, ""failures"": [""structural_soundness_fail: ""], ""warnings"": [], ""classification"": ""research""}",0.0,0.0,0.31802391687790194,production,production,False,False,0.1
(*)|(loc_dist_ema20_atr_ts_top60==0)|(reg_atr_change_rate_ts_top20==1&reg_atr_change_rate_ts_top40==1&reg_atr_change_rate_ts_top50==1&reg_atr_compression_ratio_ts_band30_70==1),*,loc_dist_ema20_atr_ts_top60==0,reg_atr_change_rate_ts_top20==1&reg_atr_change_rate_ts_top40==1&reg_atr_change_rate_ts_top50==1&reg_atr_compression_ratio_ts_band30_70==1,-0.32400407393773395,0.32400407393773395,0.03723586203775951,0.27605175971984863,0.11733333333333333,0.01728197519575429,1.0,1.0,0.5251461988304094,1260,,,0.01962161674635159,-0.0037581930834045124,0.03391691288295917,0.050149074644411484,,0.6666666666666666,,,,-0.0476863869667342,,-0.06814461987496608,0.047864450379869514,0.028660372194671824,2.02976451162071e-10,0.00027771347218682487,0.01,0.020297645116207103,0.01,0.01,0.01,0.0015005652672382336,0.0015005652672382336,9.00529e-05,-0.324094126837734,3,1,1,5,5,stage_a_context,,short,5-way,True,,production,production,,,0.039603302441530173,1.0,primary_target,0,ranking,research,"{""checks"": {""n_folds"": {""value"": 3, ""threshold"": 3, ""passed"": true}, ""healthy_fold_count"": {""value"": 3, ""threshold"": 2, ""passed"": true}, ""healthy_fold_ratio"": {""value"": 1.0, ""threshold"": 0.6666666666666666, ""passed"": true}, ""presence_freq"": {""value"": 1.0, ""threshold"": 0.75, ""passed"": true}, ""directional_mean_ret"": {""value"": 0.32400407393773395, ""threshold"": 0.0, ""passed"": true}, ""hurdle_excess"": {""value"": 0.3239140210377339, ""threshold"": 0.0, ""passed"": true}, ""min_support_actual"": {""value"": 1260, ""threshold"": 50, ""passed"": true}, ""is_structurally_sound"": {""value"": false, ""passed"": false}, ""trade_path_quality_score"": {""value"": 2.02976451162071e-10, ""threshold"": 0.0, ""passed"": true}}, ""failures"": [""structural_soundness_fail: ""], ""warnings"": [], ""classification"": ""research""}",0.0,0.0,0.5434203253160054,production,production,False,False,0.1
(*)|(loc_dist_ema20_atr_ts_top60==0)|(reg_atr_change_rate_ts_top20==1&reg_atr_change_rate_ts_top50==1&reg_atr_change_rate_ts_top70==0),*,loc_dist_ema20_atr_ts_top60==0,reg_atr_change_rate_ts_top20==1&reg_atr_change_rate_ts_top50==1&reg_atr_change_rate_ts_top70==0,-0.32400407393773395,0.32400407393773395,0.03723586203775951,0.27605175971984863,0.11733333333333333,0.01728197519575429,1.0,1.0,0.5251461988304094,1260,,,0.01962161674635159,-0.0037581930834045124,0.03391691288295917,0.050149074644411484,,0.6666666666666666,,,,-0.0476863869667342,,-0.06814461987496608,0.047864450379869514,0.028660372194671824,2.02976451162071e-10,0.00027771347218682487,0.01,0.020297645116207103,0.01,0.01,0.01,0.0015005652672382336,0.0015005652672382336,9.00529e-05,-0.324094126837734,3,2,2,4,4,stage_a_context,,short,4-way,True,,production,production,,,0.039603302441530173,1.0,primary_target,0,ranking,research,"{""checks"": {""n_folds"": {""value"": 3, ""threshold"": 3, ""passed"": true}, ""healthy_fold_count"": {""value"": 3, ""threshold"": 2, ""passed"": true}, ""healthy_fold_ratio"": {""value"": 1.0, ""threshold"": 0.6666666666666666, ""passed"": true}, ""presence_freq"": {""value"": 1.0, ""threshold"": 0.75, ""passed"": true}, ""directional_mean_ret"": {""value"": 0.32400407393773395, ""threshold"": 0.0, ""passed"": true}, ""hurdle_excess"": {""value"": 0.3239140210377339, ""threshold"": 0.0, ""passed"": true}, ""min_support_actual"": {""value"": 1260, ""threshold"": 50, ""passed"": true}, ""is_structurally_sound"": {""value"": false, ""passed"": false}, ""trade_path_quality_score"": {""value"": 2.02976451162071e-10, ""threshold"": 0.0, ""passed"": true}}, ""failures"": [""structural_soundness_fail: ""], ""warnings"": [], ""classification"": ""research""}",0.0,0.0,0.6657972708591653,production,production,False,False,0.1
(*)|(loc_dist_ema20_atr_ts_top60==0)|(reg_atr_change_rate_ts_top20==1&reg_atr_change_rate_ts_top50==1&reg_atr_compression_ratio_ts_band30_70==1),*,loc_dist_ema20_atr_ts_top60==0,reg_atr_change_rate_ts_top20==1&reg_atr_change_rate_ts_top50==1&reg_atr_compression_ratio_ts_band30_70==1,-0.32400407393773395,0.32400407393773395,0.03723586203775951,0.27605175971984863,0.11733333333333333,0.01728197519575429,1.0,1.0,0.5251461988304094,1260,,,0.01962161674635159,-0.0037581930834045124,0.03391691288295917,0.050149074644411484,,0.6666666666666666,,,,-0.0476863869667342,,-0.06814461987496608,0.047864450379869514,0.028660372194671824,2.02976451162071e-10,0.00027771347218682487,0.01,0.020297645116207103,0.01,0.01,0.01,0.0015005652672382336,0.0015005652672382336,9.00529e-05,-0.324094126837734,3,1,1,4,4,stage_a_context,,short,4-way,True,,production,production,,,0.039603302441530173,1.0,primary_target,0,ranking,research,"{""checks"": {""n_folds"": {""value"": 3, ""threshold"": 3, ""passed"": true}, ""healthy_fold_count"": {""value"": 3, ""threshold"": 2, ""passed"": true}, ""healthy_fold_ratio"": {""value"": 1.0, ""threshold"": 0.6666666666666666, ""passed"": true}, ""presence_freq"": {""value"": 1.0, ""threshold"": 0.75, ""passed"": true}, ""directional_mean_ret"": {""value"": 0.32400407393773395, ""threshold"": 0.0, ""passed"": true}, ""hurdle_excess"": {""value"": 0.3239140210377339, ""threshold"": 0.0, ""passed"": true}, ""min_support_actual"": {""value"": 1260, ""threshold"": 50, ""passed"": true}, ""is_structurally_sound"": {""value"": false, ""passed"": false}, ""trade_path_quality_score"": {""value"": 2.02976451162071e-10, ""threshold"": 0.0, ""passed"": true}}, ""failures"": [""structural_soundness_fail: ""], ""warnings"": [], ""classification"": ""research""}",0.0,0.0,0.4596278238012591,production,production,False,False,0.1
(*)|(loc_dist_ema20_atr_ts_top70==0)|(reg_atr_change_rate_ts_top20==1&reg_atr_change_rate_ts_top30==1&reg_atr_change_rate_ts_top50==1&reg_atr_change_rate_ts_top60==0),*,loc_dist_ema20_atr_ts_top70==0,reg_atr_change_rate_ts_top20==1&reg_atr_change_rate_ts_top30==1&reg_atr_change_rate_ts_top50==1&reg_atr_change_rate_ts_top60==0,-0.32400407393773395,0.32400407393773395,0.03723586203775951,0.27605175971984863,0.11733333333333333,0.01728197519575429,1.0,1.0,0.5251461988304094,1260,,,0.01962161674635159,-0.0037581930834045124,0.03391691288295917,0.050149074644411484,,0.6666666666666666,,,,-0.0476863869667342,,-0.06814461987496608,0.047864450379869514,0.028660372194671824,2.02976451162071e-10,0.00027771347218682487,0.01,0.020297645116207103,0.01,0.01,0.01,0.0015005652672382336,0.0015005652672382336,9.00529e-05,-0.324094126837734,3,1,1,5,5,stage_a_context,,short,5-way,True,,production,production,,,0.039603302441530173,1.0,primary_target,0,ranking,research,"{""checks"": {""n_folds"": {""value"": 3, ""threshold"": 3, ""passed"": true}, ""healthy_fold_count"": {""value"": 3, ""threshold"": 2, ""passed"": true}, ""healthy_fold_ratio"": {""value"": 1.0, ""threshold"": 0.6666666666666666, ""passed"": true}, ""presence_freq"": {""value"": 1.0, ""threshold"": 0.75, ""passed"": true}, ""directional_mean_ret"": {""value"": 0.32400407393773395, ""threshold"": 0.0, ""passed"": true}, ""hurdle_excess"": {""value"": 0.3239140210377339, ""threshold"": 0.0, ""passed"": true}, ""min_support_actual"": {""value"": 1260, ""threshold"": 50, ""passed"": true}, ""is_structurally_sound"": {""value"": false, ""passed"": false}, ""trade_path_quality_score"": {""value"": 2.02976451162071e-10, ""threshold"": 0.0, ""passed"": true}}, ""failures"": [""structural_soundness_fail: ""], ""warnings"": [], ""classification"": ""research""}",0.0,0.0,0.5751361171676554,production,production,False,False,0.1
(*)|(loc_dist_ema20_atr_ts_top70==0)|(reg_atr_change_rate_ts_top20==1&reg_atr_change_rate_ts_top40==1&reg_atr_change_rate_ts_top50==1&reg_atr_change_rate_ts_top60==0),*,loc_dist_ema20_atr_ts_top70==0,reg_atr_change_rate_ts_top20==1&reg_atr_change_rate_ts_top40==1&reg_atr_change_rate_ts_top50==1&reg_atr_change_rate_ts_top60==0,-0.32400407393773395,0.32400407393773395,0.03723586203775951,0.27605175971984863,0.11733333333333333,0.01728197519575429,1.0,1.0,0.5251461988304094,1260,,,0.01962161674635159,-0.0037581930834045124,0.03391691288295917,0.050149074644411484,,0.6666666666666666,,,,-0.0476863869667342,,-0.06814461987496608,0.047864450379869514,0.028660372194671824,2.02976451162071e-10,0.00027771347218682487,0.01,0.020297645116207103,0.01,0.01,0.01,0.0015005652672382336,0.0015005652672382336,9.00529e-05,-0.324094126837734,3,1,1,5,5,stage_a_context,,short,5-way,True,,production,production,,,0.039603302441530173,1.0,primary_target,0,ranking,research,"{""checks"": {""n_folds"": {""value"": 3, ""threshold"": 3, ""passed"": true}, ""healthy_fold_count"": {""value"": 3, ""threshold"": 2, ""passed"": true}, ""healthy_fold_ratio"": {""value"": 1.0, ""threshold"": 0.6666666666666666, ""passed"": true}, ""presence_freq"": {""value"": 1.0, ""threshold"": 0.75, ""passed"": true}, ""directional_mean_ret"": {""value"": 0.32400407393773395, ""threshold"": 0.0, ""passed"": true}, ""hurdle_excess"": {""value"": 0.3239140210377339, ""threshold"": 0.0, ""passed"": true}, ""min_support_actual"": {""value"": 1260, ""threshold"": 50, ""passed"": true}, ""is_structurally_sound"": {""value"": false, ""passed"": false}, ""trade_path_quality_score"": {""value"": 2.02976451162071e-10, ""threshold"": 0.0, ""passed"": true}}, ""failures"": [""structural_soundness_fail: ""], ""warnings"": [], ""classification"": ""research""}",0.0,0.0,0.4086657332921337,production,production,False,False,0.1
(*)|(loc_dist_ema20_atr_ts_top70==0)|(reg_atr_change_rate_ts_top20==1&reg_atr_change_rate_ts_top50==1&reg_atr_change_rate_ts_top60==0),*,loc_dist_ema20_atr_ts_top70==0,reg_atr_change_rate_ts_top20==1&reg_atr_change_rate_ts_top50==1&reg_atr_change_rate_ts_top60==0,-0.32400407393773395,0.32400407393773395,0.03723586203775951,0.27605175971984863,0.11733333333333333,0.01728197519575429,1.0,1.0,0.5251461988304094,1260,,,0.01962161674635159,-0.0037581930834045124,0.03391691288295917,0.050149074644411484,,0.6666666666666666,,,,-0.0476863869667342,,-0.06814461987496608,0.047864450379869514,0.028660372194671824,2.02976451162071e-10,0.00027771347218682487,0.01,0.020297645116207103,0.01,0.01,0.01,0.0015005652672382336,0.0015005652672382336,9.00529e-05,-0.324094126837734,3,1,1,4,4,stage_a_context,,short,4-way,True,,production,production,,,0.039603302441530173,1.0,primary_target,0,ranking,research,"{""checks"": {""n_folds"": {""value"": 3, ""threshold"": 3, ""passed"": true}, ""healthy_fold_count"": {""value"": 3, ""threshold"": 2, ""passed"": true}, ""healthy_fold_ratio"": {""value"": 1.0, ""threshold"": 0.6666666666666666, ""passed"": true}, ""presence_freq"": {""value"": 1.0, ""threshold"": 0.75, ""passed"": true}, ""directional_mean_ret"": {""value"": 0.32400407393773395, ""threshold"": 0.0, ""passed"": true}, ""hurdle_excess"": {""value"": 0.3239140210377339, ""threshold"": 0.0, ""passed"": true}, ""min_support_actual"": {""value"": 1260, ""threshold"": 50, ""passed"": true}, ""is_structurally_sound"": {""value"": false, ""passed"": false}, ""trade_path_quality_score"": {""value"": 2.02976451162071e-10, ""threshold"": 0.0, ""passed"": true}}, ""failures"": [""structural_soundness_fail: ""], ""warnings"": [], ""classification"": ""research""}",0.0,0.0,0.33192460383139716,production,production,False,False,0.1
(*)|(loc_dist_ema20_atr_ts_top20==1&loc_dist_ema20_atr_ts_top50==1)|(reg_atr_change_rate_ts_band25_75==1&reg_atr_change_rate_ts_top60==0),*,loc_dist_ema20_atr_ts_top20==1&loc_dist_ema20_atr_ts_top50==1,reg_atr_change_rate_ts_band25_75==1&reg_atr_change_rate_ts_top60==0,-0.32400407393773395,0.32400407393773395,0.03723586203775951,0.27605175971984863,0.11733333333333333,0.01728197519575429,1.0,1.0,0.5251461988304094,1260,,,0.01962161674635159,-0.0037581930834045124,0.03391691288295917,0.050149074644411484,,0.6666666666666666,,,,-0.0476863869667342,,-0.06814461987496608,0.047864450379869514,0.028660372194671824,2.02976451162071e-10,0.00027771347218682487,0.01,0.020297645116207103,0.01,0.01,0.01,0.0015005652672382336,0.0015005652672382336,9.00529e-05,-0.324094126837734,3,1,1,4,4,stage_a_context,,short,4-way,True,,production,production,,,0.039603302441530173,1.0,primary_target,0,ranking,research,"{""checks"": {""n_folds"": {""value"": 3, ""threshold"": 3, ""passed"": true}, ""healthy_fold_count"": {""value"": 3, ""threshold"": 2, ""passed"": true}, ""healthy_fold_ratio"": {""value"": 1.0, ""threshold"": 0.6666666666666666, ""passed"": true}, ""presence_freq"": {""value"": 1.0, ""threshold"": 0.75, ""passed"": true}, ""directional_mean_ret"": {""value"": 0.32400407393773395, ""threshold"": 0.0, ""passed"": true}, ""hurdle_excess"": {""value"": 0.3239140210377339, ""threshold"": 0.0, ""passed"": true}, ""min_support_actual"": {""value"": 1260, ""threshold"": 50, ""passed"": true}, ""is_structurally_sound"": {""value"": false, ""passed"": false}, ""trade_path_quality_score"": {""value"": 2.02976451162071e-10, ""threshold"": 0.0, ""passed"": true}}, ""failures"": [""structural_soundness_fail: ""], ""warnings"": [], ""classification"": ""research""}",0.0,0.0,0.3209659761238082,production,production,False,False,0.1
(*)|(loc_dist_ema20_atr_ts_top50==1)|(reg_atr_change_rate_ts_band30_70==1&reg_atr_change_rate_ts_top20==1&reg_atr_change_rate_ts_top60==0),*,loc_dist_ema20_atr_ts_top50==1,reg_atr_change_rate_ts_band30_70==1&reg_atr_change_rate_ts_top20==1&reg_atr_change_rate_ts_top60==0,-0.32400407393773395,0.32400407393773395,0.03723586203775951,0.27605175971984863,0.11733333333333333,0.01728197519575429,1.0,1.0,0.5251461988304094,1260,,,0.01962161674635159,-0.0037581930834045124,0.03391691288295917,0.050149074644411484,,0.6666666666666666,,,,-0.0476863869667342,,-0.06814461987496608,0.047864450379869514,0.028660372194671824,2.02976451162071e-10,0.00027771347218682487,0.01,0.020297645116207103,0.01,0.01,0.01,0.0015005652672382336,0.0015005652672382336,9.00529e-05,-0.324094126837734,3,2,2,4,4,stage_a_context,,short,4-way,True,,production,production,,,0.039603302441530173,1.0,primary_target,0,ranking,research,"{""checks"": {""n_folds"": {""value"": 3, ""threshold"": 3, ""passed"": true}, ""healthy_fold_count"": {""value"": 3, ""threshold"": 2, ""passed"": true}, ""healthy_fold_ratio"": {""value"": 1.0, ""threshold"": 0.6666666666666666, ""passed"": true}, ""presence_freq"": {""value"": 1.0, ""threshold"": 0.75, ""passed"": true}, ""directional_mean_ret"": {""value"": 0.32400407393773395, ""threshold"": 0.0, ""passed"": true}, ""hurdle_excess"": {""value"": 0.3239140210377339, ""threshold"": 0.0, ""passed"": true}, ""min_support_actual"": {""value"": 1260, ""threshold"": 50, ""passed"": true}, ""is_structurally_sound"": {""value"": false, ""passed"": false}, ""trade_path_quality_score"": {""value"": 2.02976451162071e-10, ""threshold"": 0.0, ""passed"": true}}, ""failures"": [""structural_soundness_fail: ""], ""warnings"": [], ""classification"": ""research""}",0.0,0.0,0.5257617691726306,production,production,False,False,0.1
(*)|(loc_dist_ema20_atr_ts_top40==1)|(reg_atr_change_rate_ts_top20==1&reg_atr_change_rate_ts_top50==1&reg_atr_change_rate_ts_top60==0&reg_atr_change_rate_ts_top70==0),*,loc_dist_ema20_atr_ts_top40==1,reg_atr_change_rate_ts_top20==1&reg_atr_change_rate_ts_top50==1&reg_atr_change_rate_ts_top60==0&reg_atr_change_rate_ts_top70==0,-0.32400407393773395,0.32400407393773395,0.03723586203775951,0.27605175971984863,0.11733333333333333,0.01728197519575429,1.0,1.0,0.5251461988304094,1260,,,0.01962161674635159,-0.0037581930834045124,0.03391691288295917,0.050149074644411484,,0.6666666666666666,,,,-0.0476863869667342,,-0.06814461987496608,0.047864450379869514,0.028660372194671824,2.02976451162071e-10,0.00027771347218682487,0.01,0.020297645116207103,0.01,0.01,0.01,0.0015005652672382336,0.0015005652672382336,9.00529e-05,-0.324094126837734,3,1,1,5,5,stage_a_context,,short,5-way,True,,production,production,,,0.039603302441530173,1.0,primary_target,0,ranking,research,"{""checks"": {""n_folds"": {""value"": 3, ""threshold"": 3, ""passed"": true}, ""healthy_fold_count"": {""value"": 3, ""threshold"": 2, ""passed"": true}, ""healthy_fold_ratio"": {""value"": 1.0, ""threshold"": 0.6666666666666666, ""passed"": true}, ""presence_freq"": {""value"": 1.0, ""threshold"": 0.75, ""passed"": true}, ""directional_mean_ret"": {""value"": 0.32400407393773395, ""threshold"": 0.0, ""passed"": true}, ""hurdle_excess"": {""value"": 0.3239140210377339, ""threshold"": 0.0, ""passed"": true}, ""min_support_actual"": {""value"": 1260, ""threshold"": 50, ""passed"": true}, ""is_structurally_sound"": {""value"": false, ""passed"": false}, ""trade_path_quality_score"": {""value"": 2.02976451162071e-10, ""threshold"": 0.0, ""passed"": true}}, ""failures"": [""structural_soundness_fail: ""], ""warnings"": [], ""classification"": ""research""}",0.0,0.0,0.28392669087717337,production,production,False,False,0.1
(*)|(loc_dist_ema20_atr_ts_top20==1)|(reg_atr_change_rate_ts_band40_60==1&reg_atr_change_rate_ts_bot30==0&reg_atr_change_rate_ts_top50==1),*,loc_dist_ema20_atr_ts_top20==1,reg_atr_change_rate_ts_band40_60==1&reg_atr_change_rate_ts_bot30==0&reg_atr_change_rate_ts_top50==1,-0.32400407393773395,0.32400407393773395,0.03723586203775951,0.27605175971984863,0.11733333333333333,0.01728197519575429,1.0,1.0,0.5251461988304094,1260,,,0.01962161674635159,-0.0037581930834045124,0.03391691288295917,0.050149074644411484,,0.6666666666666666,,,,-0.0476863869667342,,-0.06814461987496608,0.047864450379869514,0.028660372194671824,2.02976451162071e-10,0.00027771347218682487,0.01,0.020297645116207103,0.01,0.01,0.01,0.0015005652672382336,0.0015005652672382336,9.00529e-05,-0.324094126837734,3,1,1,4,4,stage_a_context,,short,4-way,True,,production,production,,,0.039603302441530173,1.0,primary_target,0,ranking,research,"{""checks"": {""n_folds"": {""value"": 3, ""threshold"": 3, ""passed"": true}, ""healthy_fold_count"": {""value"": 3, ""threshold"": 2, ""passed"": true}, ""healthy_fold_ratio"": {""value"": 1.0, ""threshold"": 0.6666666666666666, ""passed"": true}, ""presence_freq"": {""value"": 1.0, ""threshold"": 0.75, ""passed"": true}, ""directional_mean_ret"": {""value"": 0.32400407393773395, ""threshold"": 0.0, ""passed"": true}, ""hurdle_excess"": {""value"": 0.3239140210377339, ""threshold"": 0.0, ""passed"": true}, ""min_support_actual"": {""value"": 1260, ""threshold"": 50, ""passed"": true}, ""is_structurally_sound"": {""value"": false, ""passed"": false}, ""trade_path_quality_score"": {""value"": 2.02976451162071e-10, ""threshold"": 0.0, ""passed"": true}}, ""failures"": [""structural_soundness_fail: ""], ""warnings"": [], ""classification"": ""research""}",0.0,0.0,0.327803013169862,production,production,False,False,0.1
(*)|(*)|(reg_atr_change_rate_ts_band25_75==1&reg_atr_change_rate_ts_top20==1&reg_atr_change_rate_ts_top40==1&reg_atr_change_rate_ts_top50==1&reg_atr_change_rate_ts_top60==0),*,*,reg_atr_change_rate_ts_band25_75==1&reg_atr_change_rate_ts_top20==1&reg_atr_change_rate_ts_top40==1&reg_atr_change_rate_ts_top50==1&reg_atr_change_rate_ts_top60==0,-0.32400407393773395,0.32400407393773395,0.03723586203775951,0.27605175971984863,0.11733333333333333,0.01728197519575429,1.0,1.0,0.5251461988304094,1260,,,0.01962161674635159,-0.0037581930834045124,0.03391691288295917,0.050149074644411484,,0.6666666666666666,,,,-0.0476863869667342,,-0.06814461987496608,0.047864450379869514,0.028660372194671824,2.02976451162071e-10,0.00027771347218682487,0.01,0.020297645116207103,0.01,0.01,0.01,0.0015005652672382336,0.0015005652672382336,9.00529e-05,-0.324094126837734,3,1,1,5,5,stage_a_context,,short,5-way,True,,production,production,,,0.039603302441530173,1.0,primary_target,0,ranking,research,"{""checks"": {""n_folds"": {""value"": 3, ""threshold"": 3, ""passed"": true}, ""healthy_fold_count"": {""value"": 3, ""threshold"": 2, ""passed"": true}, ""healthy_fold_ratio"": {""value"": 1.0, ""threshold"": 0.6666666666666666, ""passed"": true}, ""presence_freq"": {""value"": 1.0, ""threshold"": 0.75, ""passed"": true}, ""directional_mean_ret"": {""value"": 0.32400407393773395, ""threshold"": 0.0, ""passed"": true}, ""hurdle_excess"": {""value"": 0.3239140210377339, ""threshold"": 0.0, ""passed"": true}, ""min_support_actual"": {""value"": 1260, ""threshold"": 50, ""passed"": true}, ""is_structurally_sound"": {""value"": false, ""passed"": false}, ""trade_path_quality_score"": {""value"": 2.02976451162071e-10, ""threshold"": 0.0, ""passed"": true}}, ""failures"": [""structural_soundness_fail: ""], ""warnings"": [], ""classification"": ""research""}",0.0,0.0,0.2125115215750922,production,production,False,False,0.1
(*)|(loc_dist_ema20_atr_ts_top20==1&loc_dist_ema20_atr_ts_top50==1)|(reg_atr_change_rate_ts_bot60==1&reg_atr_change_rate_ts_top70==0),*,loc_dist_ema20_atr_ts_top20==1&loc_dist_ema20_atr_ts_top50==1,reg_atr_change_rate_ts_bot60==1&reg_atr_change_rate_ts_top70==0,-0.32400407393773395,0.32400407393773395,0.03723586203775951,0.27605175971984863,0.11733333333333333,0.01728197519575429,1.0,1.0,0.5251461988304094,1260,,,0.01962161674635159,-0.0037581930834045124,0.03391691288295917,0.050149074644411484,,0.6666666666666666,,,,-0.0476863869667342,,-0.06814461987496608,0.047864450379869514,0.028660372194671824,2.02976451162071e-10,0.00027771347218682487,0.01,0.020297645116207103,0.01,0.01,0.01,0.0015005652672382336,0.0015005652672382336,9.00529e-05,-0.324094126837734,3,1,1,4,4,stage_a_context,,short,4-way,True,,production,production,,,0.039603302441530173,1.0,primary_target,0,ranking,research,"{""checks"": {""n_folds"": {""value"": 3, ""threshold"": 3, ""passed"": true}, ""healthy_fold_count"": {""value"": 3, ""threshold"": 2, ""passed"": true}, ""healthy_fold_ratio"": {""value"": 1.0, ""threshold"": 0.6666666666666666, ""passed"": true}, ""presence_freq"": {""value"": 1.0, ""threshold"": 0.75, ""passed"": true}, ""directional_mean_ret"": {""value"": 0.32400407393773395, ""threshold"": 0.0, ""passed"": true}, ""hurdle_excess"": {""value"": 0.3239140210377339, ""threshold"": 0.0, ""passed"": true}, ""min_support_actual"": {""value"": 1260, ""threshold"": 50, ""passed"": true}, ""is_structurally_sound"": {""value"": false, ""passed"": false}, ""trade_path_quality_score"": {""value"": 2.02976451162071e-10, ""threshold"": 0.0, ""passed"": true}}, ""failures"": [""structural_soundness_fail: ""], ""warnings"": [], ""classification"": ""research""}",0.0,0.0,0.5194287040803743,production,production,False,False,0.1
(*)|(loc_dist_ema20_atr_ts_top20==1&loc_dist_ema20_atr_ts_top50==1)|(reg_atr_change_rate_ts_top30==1&reg_atr_change_rate_ts_top60==0),*,loc_dist_ema20_atr_ts_top20==1&loc_dist_ema20_atr_ts_top50==1,reg_atr_change_rate_ts_top30==1&reg_atr_change_rate_ts_top60==0,-0.32400407393773395,0.32400407393773395,0.03723586203775951,0.27605175971984863,0.11733333333333333,0.01728197519575429,1.0,1.0,0.5251461988304094,1260,,,0.01962161674635159,-0.0037581930834045124,0.03391691288295917,0.050149074644411484,,0.6666666666666666,,,,-0.0476863869667342,,-0.06814461987496608,0.047864450379869514,0.028660372194671824,2.02976451162071e-10,0.00027771347218682487,0.01,0.020297645116207103,0.01,0.01,0.01,0.0015005652672382336,0.0015005652672382336,9.00529e-05,-0.324094126837734,3,1,1,4,4,stage_a_context,,short,4-way,True,,production,production,,,0.039603302441530173,1.0,primary_target,0,ranking,research,"{""checks"": {""n_folds"": {""value"": 3, ""threshold"": 3, ""passed"": true}, ""healthy_fold_count"": {""value"": 3, ""threshold"": 2, ""passed"": true}, ""healthy_fold_ratio"": {""value"": 1.0, ""threshold"": 0.6666666666666666, ""passed"": true}, ""presence_freq"": {""value"": 1.0, ""threshold"": 0.75, ""passed"": true}, ""directional_mean_ret"": {""value"": 0.32400407393773395, ""threshold"": 0.0, ""passed"": true}, ""hurdle_excess"": {""value"": 0.3239140210377339, ""threshold"": 0.0, ""passed"": true}, ""min_support_actual"": {""value"": 1260, ""threshold"": 50, ""passed"": true}, ""is_structurally_sound"": {""value"": false, ""passed"": false}, ""trade_path_quality_score"": {""value"": 2.02976451162071e-10, ""threshold"": 0.0, ""passed"": true}}, ""failures"": [""structural_soundness_fail: ""], ""warnings"": [], ""classification"": ""research""}",0.0,0.0,0.2589678126616964,production,production,False,False,0.1
(*)|(loc_dist_ema20_atr_ts_top20==1&loc_dist_ema20_atr_ts_top50==1)|(reg_atr_change_rate_ts_top60==0&reg_atr_change_rate_ts_top70==0),*,loc_dist_ema20_atr_ts_top20==1&loc_dist_ema20_atr_ts_top50==1,reg_atr_change_rate_ts_top60==0&reg_atr_change_rate_ts_top70==0,-0.32400407393773395,0.32400407393773395,0.03723586203775951,0.27605175971984863,0.11733333333333333,0.01728197519575429,1.0,1.0,0.5251461988304094,1260,,,0.01962161674635159,-0.0037581930834045124,0.03391691288295917,0.050149074644411484,,0.6666666666666666,,,,-0.0476863869667342,,-0.06814461987496608,0.047864450379869514,0.028660372194671824,2.02976451162071e-10,0.00027771347218682487,0.01,0.020297645116207103,0.01,0.01,0.01,0.0015005652672382336,0.0015005652672382336,9.00529e-05,-0.324094126837734,3,1,1,4,4,stage_a_context,,short,4-way,True,,production,production,,,0.039603302441530173,1.0,primary_target,0,ranking,research,"{""checks"": {""n_folds"": {""value"": 3, ""threshold"": 3, ""passed"": true}, ""healthy_fold_count"": {""value"": 3, ""threshold"": 2, ""passed"": true}, ""healthy_fold_ratio"": {""value"": 1.0, ""threshold"": 0.6666666666666666, ""passed"": true}, ""presence_freq"": {""value"": 1.0, ""threshold"": 0.75, ""passed"": true}, ""directional_mean_ret"": {""value"": 0.32400407393773395, ""threshold"": 0.0, ""passed"": true}, ""hurdle_excess"": {""value"": 0.3239140210377339, ""threshold"": 0.0, ""passed"": true}, ""min_support_actual"": {""value"": 1260, ""threshold"": 50, ""passed"": true}, ""is_structurally_sound"": {""value"": false, ""passed"": false}, ""trade_path_quality_score"": {""value"": 2.02976451162071e-10, ""threshold"": 0.0, ""passed"": true}}, ""failures"": [""structural_soundness_fail: ""], ""warnings"": [], ""classification"": ""research""}",0.0,0.0,0.334909022804054,production,production,False,False,0.1
(*)|(loc_dist_ema20_atr_ts_top20==1&loc_dist_ema20_atr_ts_top60==0&loc_dist_ema20_atr_ts_top80==0)|(reg_atr_change_rate_ts_band25_75==1&reg_atr_change_rate_ts_top50==1&reg_atr_change_rate_ts_top70==0),*,loc_dist_ema20_atr_ts_top20==1&loc_dist_ema20_atr_ts_top60==0&loc_dist_ema20_atr_ts_top80==0,reg_atr_change_rate_ts_band25_75==1&reg_atr_change_rate_ts_top50==1&reg_atr_change_rate_ts_top70==0,-0.32400407393773395,0.32400407393773395,0.03723586203775951,0.27605175971984863,0.11733333333333333,0.01728197519575429,1.0,1.0,0.5251461988304094,1260,,,0.01962161674635159,-0.0037581930834045124,0.03391691288295917,0.050149074644411484,,0.6666666666666666,,,,-0.0476863869667342,,-0.06814461987496608,0.047864450379869514,0.028660372194671824,2.02976451162071e-10,0.00027771347218682487,0.01,0.020297645116207103,0.01,0.01,0.01,0.0015005652672382336,0.0015005652672382336,9.00529e-05,-0.324094126837734,3,1,1,6,6,stage_a_context,,short,6-way,True,,production,production,,,0.039603302441530173,1.0,primary_target,0,ranking,research,"{""checks"": {""n_folds"": {""value"": 3, ""threshold"": 3, ""passed"": true}, ""healthy_fold_count"": {""value"": 3, ""threshold"": 2, ""passed"": true}, ""healthy_fold_ratio"": {""value"": 1.0, ""threshold"": 0.6666666666666666, ""passed"": true}, ""presence_freq"": {""value"": 1.0, ""threshold"": 0.75, ""passed"": true}, ""directional_mean_ret"": {""value"": 0.32400407393773395, ""threshold"": 0.0, ""passed"": true}, ""hurdle_excess"": {""value"": 0.3239140210377339, ""threshold"": 0.0, ""passed"": true}, ""min_support_actual"": {""value"": 1260, ""threshold"": 50, ""passed"": true}, ""is_structurally_sound"": {""value"": false, ""passed"": false}, ""trade_path_quality_score"": {""value"": 2.02976451162071e-10, ""threshold"": 0.0, ""passed"": true}}, ""failures"": [""structural_soundness_fail: ""], ""warnings"": [], ""classification"": ""research""}",0.0,0.0,0.5173512541799252,production,production,False,False,0.1
(*)|(loc_dist_ema20_atr_ts_top40==1)|(reg_atr_change_rate_ts_bot30==0&reg_atr_change_rate_ts_top20==1&reg_atr_change_rate_ts_top50==1&reg_atr_change_rate_ts_top60==0&reg_atr_change_rate_ts_top70==0),*,loc_dist_ema20_atr_ts_top40==1,reg_atr_change_rate_ts_bot30==0&reg_atr_change_rate_ts_top20==1&reg_atr_change_rate_ts_top50==1&reg_atr_change_rate_ts_top60==0&reg_atr_change_rate_ts_top70==0,-0.32400407393773395,0.32400407393773395,0.03723586203775951,0.27605175971984863,0.11733333333333333,0.01728197519575429,1.0,1.0,0.5251461988304094,1260,,,0.01962161674635159,-0.0037581930834045124,0.03391691288295917,0.050149074644411484,,0.6666666666666666,,,,-0.0476863869667342,,-0.06814461987496608,0.047864450379869514,0.028660372194671824,2.02976451162071e-10,0.00027771347218682487,0.01,0.020297645116207103,0.01,0.01,0.01,0.0015005652672382336,0.0015005652672382336,9.00529e-05,-0.324094126837734,3,1,1,6,6,stage_a_context,,short,6-way,True,,production,production,,,0.039603302441530173,1.0,primary_target,0,ranking,research,"{""checks"": {""n_folds"": {""value"": 3, ""threshold"": 3, ""passed"": true}, ""healthy_fold_count"": {""value"": 3, ""threshold"": 2, ""passed"": true}, ""healthy_fold_ratio"": {""value"": 1.0, ""threshold"": 0.6666666666666666, ""passed"": true}, ""presence_freq"": {""value"": 1.0, ""threshold"": 0.75, ""passed"": true}, ""directional_mean_ret"": {""value"": 0.32400407393773395, ""threshold"": 0.0, ""passed"": true}, ""hurdle_excess"": {""value"": 0.3239140210377339, ""threshold"": 0.0, ""passed"": true}, ""min_support_actual"": {""value"": 1260, ""threshold"": 50, ""passed"": true}, ""is_structurally_sound"": {""value"": false, ""passed"": false}, ""trade_path_quality_score"": {""value"": 2.02976451162071e-10, ""threshold"": 0.0, ""passed"": true}}, ""failures"": [""structural_soundness_fail: ""], ""warnings"": [], ""classification"": ""research""}",0.0,0.0,0.5176146667439734,production,production,False,False,0.1
(*)|(loc_dist_ema20_atr_ts_top20==1)|(reg_atr_change_rate_ts_band25_75==1&reg_atr_change_rate_ts_top50==1&reg_atr_change_rate_ts_top60==0&reg_atr_change_rate_ts_top70==0),*,loc_dist_ema20_atr_ts_top20==1,reg_atr_change_rate_ts_band25_75==1&reg_atr_change_rate_ts_top50==1&reg_atr_change_rate_ts_top60==0&reg_atr_change_rate_ts_top70==0,-0.32400407393773395,0.32400407393773395,0.03723586203775951,0.27605175971984863,0.11733333333333333,0.01728197519575429,1.0,1.0,0.5251461988304094,1260,,,0.01962161674635159,-0.0037581930834045124,0.03391691288295917,0.050149074644411484,,0.6666666666666666,,,,-0.0476863869667342,,-0.06814461987496608,0.047864450379869514,0.028660372194671824,2.02976451162071e-10,0.00027771347218682487,0.01,0.020297645116207103,0.01,0.01,0.01,0.0015005652672382336,0.0015005652672382336,9.00529e-05,-0.324094126837734,3,1,1,5,5,stage_a_context,,short,5-way,True,,production,production,,,0.039603302441530173,1.0,primary_target,0,ranking,research,"{""checks"": {""n_folds"": {""value"": 3, ""threshold"": 3, ""passed"": true}, ""healthy_fold_count"": {""value"": 3, ""threshold"": 2, ""passed"": true}, ""healthy_fold_ratio"": {""value"": 1.0, ""threshold"": 0.6666666666666666, ""passed"": true}, ""presence_freq"": {""value"": 1.0, ""threshold"": 0.75, ""passed"": true}, ""directional_mean_ret"": {""value"": 0.32400407393773395, ""threshold"": 0.0, ""passed"": true}, ""hurdle_excess"": {""value"": 0.3239140210377339, ""threshold"": 0.0, ""passed"": true}, ""min_support_actual"": {""value"": 1260, ""threshold"": 50, ""passed"": true}, ""is_structurally_sound"": {""value"": false, ""passed"": false}, ""trade_path_quality_score"": {""value"": 2.02976451162071e-10, ""threshold"": 0.0, ""passed"": true}}, ""failures"": [""structural_soundness_fail: ""], ""warnings"": [], ""classification"": ""research""}",0.0,0.0,0.41642800494876464,production,production,False,False,0.1
(*)|(loc_dist_ema20_atr_ts_top20==1)|(reg_atr_change_rate_ts_bot30==0&reg_atr_change_rate_ts_bot40==0&reg_atr_change_rate_ts_top50==1&reg_atr_change_rate_ts_top60==0&reg_atr_change_rate_ts_top70==0),*,loc_dist_ema20_atr_ts_top20==1,reg_atr_change_rate_ts_bot30==0&reg_atr_change_rate_ts_bot40==0&reg_atr_change_rate_ts_top50==1&reg_atr_change_rate_ts_top60==0&reg_atr_change_rate_ts_top70==0,-0.32400407393773395,0.32400407393773395,0.03723586203775951,0.27605175971984863,0.11733333333333333,0.01728197519575429,1.0,1.0,0.5251461988304094,1260,,,0.01962161674635159,-0.0037581930834045124,0.03391691288295917,0.050149074644411484,,0.6666666666666666,,,,-0.0476863869667342,,-0.06814461987496608,0.047864450379869514,0.028660372194671824,2.02976451162071e-10,0.00027771347218682487,0.01,0.020297645116207103,0.01,0.01,0.01,0.0015005652672382336,0.0015005652672382336,9.00529e-05,-0.324094126837734,3,1,1,6,6,stage_a_context,,short,6-way,True,,production,production,,,0.039603302441530173,1.0,primary_target,0,ranking,research,"{""checks"": {""n_folds"": {""value"": 3, ""threshold"": 3, ""passed"": true}, ""healthy_fold_count"": {""value"": 3, ""threshold"": 2, ""passed"": true}, ""healthy_fold_ratio"": {""value"": 1.0, ""threshold"": 0.6666666666666666, ""passed"": true}, ""presence_freq"": {""value"": 1.0, ""threshold"": 0.75, ""passed"": true}, ""directional_mean_ret"": {""value"": 0.32400407393773395, ""threshold"": 0.0, ""passed"": true}, ""hurdle_excess"": {""value"": 0.3239140210377339, ""threshold"": 0.0, ""passed"": true}, ""min_support_actual"": {""value"": 1260, ""threshold"": 50, ""passed"": true}, ""is_structurally_sound"": {""value"": false, ""passed"": false}, ""trade_path_quality_score"": {""value"": 2.02976451162071e-10, ""threshold"": 0.0, ""passed"": true}}, ""failures"": [""structural_soundness_fail: ""], ""warnings"": [], ""classification"": ""research""}",0.0,0.0,0.4404570372136078,production,production,False,False,0.1
(*)|(loc_dist_ema20_atr_ts_top20==1)|(reg_atr_change_rate_ts_top40==1&reg_atr_change_rate_ts_top50==1&reg_atr_change_rate_ts_top60==0&reg_atr_change_rate_ts_top70==0),*,loc_dist_ema20_atr_ts_top20==1,reg_atr_change_rate_ts_top40==1&reg_atr_change_rate_ts_top50==1&reg_atr_change_rate_ts_top60==0&reg_atr_change_rate_ts_top70==0,-0.32400407393773395,0.32400407393773395,0.03723586203775951,0.27605175971984863,0.11733333333333333,0.01728197519575429,1.0,1.0,0.5251461988304094,1260,,,0.01962161674635159,-0.0037581930834045124,0.03391691288295917,0.050149074644411484,,0.6666666666666666,,,,-0.0476863869667342,,-0.06814461987496608,0.047864450379869514,0.028660372194671824,2.02976451162071e-10,0.00027771347218682487,0.01,0.020297645116207103,0.01,0.01,0.01,0.0015005652672382336,0.0015005652672382336,9.00529e-05,-0.324094126837734,3,1,1,5,5,stage_a_context,,short,5-way,True,,production,production,,,0.039603302441530173,1.0,primary_target,0,ranking,research,"{""checks"": {""n_folds"": {""value"": 3, ""threshold"": 3, ""passed"": true}, ""healthy_fold_count"": {""value"": 3, ""threshold"": 2, ""passed"": true}, ""healthy_fold_ratio"": {""value"": 1.0, ""threshold"": 0.6666666666666666, ""passed"": true}, ""presence_freq"": {""value"": 1.0, ""threshold"": 0.75, ""passed"": true}, ""directional_mean_ret"": {""value"": 0.32400407393773395, ""threshold"": 0.0, ""passed"": true}, ""hurdle_excess"": {""value"": 0.3239140210377339, ""threshold"": 0.0, ""passed"": true}, ""min_support_actual"": {""value"": 1260, ""threshold"": 50, ""passed"": true}, ""is_structurally_sound"": {""value"": false, ""passed"": false}, ""trade_path_quality_score"": {""value"": 2.02976451162071e-10, ""threshold"": 0.0, ""passed"": true}}, ""failures"": [""structural_soundness_fail: ""], ""warnings"": [], ""classification"": ""research""}",0.0,0.0,0.35207678478232207,production,production,False,False,0.1
(*)|(loc_dist_ema20_atr_ts_top20==1)|(reg_atr_change_rate_ts_top40==1&reg_atr_change_rate_ts_top50==1&reg_atr_change_rate_ts_top60==0),*,loc_dist_ema20_atr_ts_top20==1,reg_atr_change_rate_ts_top40==1&reg_atr_change_rate_ts_top50==1&reg_atr_change_rate_ts_top60==0,-0.32400407393773395,0.32400407393773395,0.03723586203775951,0.27605175971984863,0.11733333333333333,0.01728197519575429,1.0,1.0,0.5251461988304094,1260,,,0.01962161674635159,-0.0037581930834045124,0.03391691288295917,0.050149074644411484,,0.6666666666666666,,,,-0.0476863869667342,,-0.06814461987496608,0.047864450379869514,0.028660372194671824,2.02976451162071e-10,0.00027771347218682487,0.01,0.020297645116207103,0.01,0.01,0.01,0.0015005652672382336,0.0015005652672382336,9.00529e-05,-0.324094126837734,3,1,1,4,4,stage_a_context,,short,4-way,True,,production,production,,,0.039603302441530173,1.0,primary_target,0,ranking,research,"{""checks"": {""n_folds"": {""value"": 3, ""threshold"": 3, ""passed"": true}, ""healthy_fold_count"": {""value"": 3, ""threshold"": 2, ""passed"": true}, ""healthy_fold_ratio"": {""value"": 1.0, ""threshold"": 0.6666666666666666, ""passed"": true}, ""presence_freq"": {""value"": 1.0, ""threshold"": 0.75, ""passed"": true}, ""directional_mean_ret"": {""value"": 0.32400407393773395, ""threshold"": 0.0, ""passed"": true}, ""hurdle_excess"": {""value"": 0.3239140210377339, ""threshold"": 0.0, ""passed"": true}, ""min_support_actual"": {""value"": 1260, ""threshold"": 50, ""passed"": true}, ""is_structurally_sound"": {""value"": false, ""passed"": false}, ""trade_path_quality_score"": {""value"": 2.02976451162071e-10, ""threshold"": 0.0, ""passed"": true}}, ""failures"": [""structural_soundness_fail: ""], ""warnings"": [], ""classification"": ""research""}",0.0,0.0,0.3264136153486261,production,production,False,False,0.1
(*)|(loc_dist_ema20_atr_ts_top30==1)|(reg_atr_change_rate_ts_top20==1&reg_atr_change_rate_ts_top50==1&reg_atr_compression_ratio_ts_band40_60==1),*,loc_dist_ema20_atr_ts_top30==1,reg_atr_change_rate_ts_top20==1&reg_atr_change_rate_ts_top50==1&reg_atr_compression_ratio_ts_band40_60==1,-0.32400407393773395,0.32400407393773395,0.03723586203775951,0.27605175971984863,0.11733333333333333,0.01728197519575429,1.0,1.0,0.5251461988304094,1260,,,0.01962161674635159,-0.0037581930834045124,0.03391691288295917,0.050149074644411484,,0.6666666666666666,,,,-0.0476863869667342,,-0.06814461987496608,0.047864450379869514,0.028660372194671824,2.02976451162071e-10,0.00027771347218682487,0.01,0.020297645116207103,0.01,0.01,0.01,0.0015005652672382336,0.0015005652672382336,9.00529e-05,-0.324094126837734,3,1,1,4,4,stage_a_context,,short,4-way,True,,production,production,,,0.039603302441530173,1.0,primary_target,0,ranking,research,"{""checks"": {""n_folds"": {""value"": 3, ""threshold"": 3, ""passed"": true}, ""healthy_fold_count"": {""value"": 3, ""threshold"": 2, ""passed"": true}, ""healthy_fold_ratio"": {""value"": 1.0, ""threshold"": 0.6666666666666666, ""passed"": true}, ""presence_freq"": {""value"": 1.0, ""threshold"": 0.75, ""passed"": true}, ""directional_mean_ret"": {""value"": 0.32400407393773395, ""threshold"": 0.0, ""passed"": true}, ""hurdle_excess"": {""value"": 0.3239140210377339, ""threshold"": 0.0, ""passed"": true}, ""min_support_actual"": {""value"": 1260, ""threshold"": 50, ""passed"": true}, ""is_structurally_sound"": {""value"": false, ""passed"": false}, ""trade_path_quality_score"": {""value"": 2.02976451162071e-10, ""threshold"": 0.0, ""passed"": true}}, ""failures"": [""structural_soundness_fail: ""], ""warnings"": [], ""classification"": ""research""}",0.0,0.0,0.26136476884389837,production,production,False,False,0.1
(*)|(loc_dist_ema20_atr_ts_top40==1&loc_dist_ema20_atr_ts_top60==0)|(reg_atr_change_rate_ts_band30_70==1&reg_atr_change_rate_ts_bot50==0&reg_atr_change_rate_ts_top20==1),*,loc_dist_ema20_atr_ts_top40==1&loc_dist_ema20_atr_ts_top60==0,reg_atr_change_rate_ts_band30_70==1&reg_atr_change_rate_ts_bot50==0&reg_atr_change_rate_ts_top20==1,-0.32400407393773395,0.32400407393773395,0.03723586203775951,0.27605175971984863,0.11733333333333333,0.01728197519575429,1.0,1.0,0.5251461988304094,1260,,,0.01962161674635159,-0.0037581930834045124,0.03391691288295917,0.050149074644411484,,0.6666666666666666,,,,-0.0476863869667342,,-0.06814461987496608,0.047864450379869514,0.028660372194671824,2.02976451162071e-10,0.00027771347218682487,0.01,0.020297645116207103,0.01,0.01,0.01,0.0015005652672382336,0.0015005652672382336,9.00529e-05,-0.324094126837734,3,1,1,5,5,stage_a_context,,short,5-way,True,,production,production,,,0.039603302441530173,1.0,primary_target,0,ranking,research,"{""checks"": {""n_folds"": {""value"": 3, ""threshold"": 3, ""passed"": true}, ""healthy_fold_count"": {""value"": 3, ""threshold"": 2, ""passed"": true}, ""healthy_fold_ratio"": {""value"": 1.0, ""threshold"": 0.6666666666666666, ""passed"": true}, ""presence_freq"": {""value"": 1.0, ""threshold"": 0.75, ""passed"": true}, ""directional_mean_ret"": {""value"": 0.32400407393773395, ""threshold"": 0.0, ""passed"": true}, ""hurdle_excess"": {""value"": 0.3239140210377339, ""threshold"": 0.0, ""passed"": true}, ""min_support_actual"": {""value"": 1260, ""threshold"": 50, ""passed"": true}, ""is_structurally_sound"": {""value"": false, ""passed"": false}, ""trade_path_quality_score"": {""value"": 2.02976451162071e-10, ""threshold"": 0.0, ""passed"": true}}, ""failures"": [""structural_soundness_fail: ""], ""warnings"": [], ""classification"": ""research""}",0.0,0.0,0.5587184308128677,production,production,False,False,0.1
(*)|(loc_dist_ema20_atr_ts_top40==1&loc_dist_ema20_atr_ts_top60==0)|(reg_atr_change_rate_ts_top20==1&reg_atr_change_rate_ts_top50==1&reg_atr_change_rate_ts_top70==0),*,loc_dist_ema20_atr_ts_top40==1&loc_dist_ema20_atr_ts_top60==0,reg_atr_change_rate_ts_top20==1&reg_atr_change_rate_ts_top50==1&reg_atr_change_rate_ts_top70==0,-0.32400407393773395,0.32400407393773395,0.03723586203775951,0.27605175971984863,0.11733333333333333,0.01728197519575429,1.0,1.0,0.5251461988304094,1260,,,0.01962161674635159,-0.0037581930834045124,0.03391691288295917,0.050149074644411484,,0.6666666666666666,,,,-0.0476863869667342,,-0.06814461987496608,0.047864450379869514,0.028660372194671824,2.02976451162071e-10,0.00027771347218682487,0.01,0.020297645116207103,0.01,0.01,0.01,0.0015005652672382336,0.0015005652672382336,9.00529e-05,-0.324094126837734,3,1,1,5,5,stage_a_context,,short,5-way,True,,production,production,,,0.039603302441530173,1.0,primary_target,0,ranking,research,"{""checks"": {""n_folds"": {""value"": 3, ""threshold"": 3, ""passed"": true}, ""healthy_fold_count"": {""value"": 3, ""threshold"": 2, ""passed"": true}, ""healthy_fold_ratio"": {""value"": 1.0, ""threshold"": 0.6666666666666666, ""passed"": true}, ""presence_freq"": {""value"": 1.0, ""threshold"": 0.75, ""passed"": true}, ""directional_mean_ret"": {""value"": 0.32400407393773395, ""threshold"": 0.0, ""passed"": true}, ""hurdle_excess"": {""value"": 0.3239140210377339, ""threshold"": 0.0, ""passed"": true}, ""min_support_actual"": {""value"": 1260, ""threshold"": 50, ""passed"": true}, ""is_structurally_sound"": {""value"": false, ""passed"": false}, ""trade_path_quality_score"": {""value"": 2.02976451162071e-10, ""threshold"": 0.0, ""passed"": true}}, ""failures"": [""structural_soundness_fail: ""], ""warnings"": [], ""classification"": ""research""}",0.0,0.0,0.6312487103064882,production,production,False,False,0.1
(*)|(*)|(reg_atr_change_rate_ts_band25_75==1&reg_atr_change_rate_ts_top20==1&reg_atr_change_rate_ts_top50==1&reg_atr_change_rate_ts_top60==0&reg_atr_change_rate_ts_top70==0),*,*,reg_atr_change_rate_ts_band25_75==1&reg_atr_change_rate_ts_top20==1&reg_atr_change_rate_ts_top50==1&reg_atr_change_rate_ts_top60==0&reg_atr_change_rate_ts_top70==0,-0.32400407393773395,0.32400407393773395,0.03723586203775951,0.27605175971984863,0.11733333333333333,0.01728197519575429,1.0,1.0,0.5251461988304094,1260,,,0.01962161674635159,-0.0037581930834045124,0.03391691288295917,0.050149074644411484,,0.6666666666666666,,,,-0.0476863869667342,,-0.06814461987496608,0.047864450379869514,0.028660372194671824,2.02976451162071e-10,0.00027771347218682487,0.01,0.020297645116207103,0.01,0.01,0.01,0.0015005652672382336,0.0015005652672382336,9.00529e-05,-0.324094126837734,3,2,2,5,5,stage_a_context,,short,5-way,True,,production,production,,,0.039603302441530173,1.0,primary_target,0,ranking,research,"{""checks"": {""n_folds"": {""value"": 3, ""threshold"": 3, ""passed"": true}, ""healthy_fold_count"": {""value"": 3, ""threshold"": 2, ""passed"": true}, ""healthy_fold_ratio"": {""value"": 1.0, ""threshold"": 0.6666666666666666, ""passed"": true}, ""presence_freq"": {""value"": 1.0, ""threshold"": 0.75, ""passed"": true}, ""directional_mean_ret"": {""value"": 0.32400407393773395, ""threshold"": 0.0, ""passed"": true}, ""hurdle_excess"": {""value"": 0.3239140210377339, ""threshold"": 0.0, ""passed"": true}, ""min_support_actual"": {""value"": 1260, ""threshold"": 50, ""passed"": true}, ""is_structurally_sound"": {""value"": false, ""passed"": false}, ""trade_path_quality_score"": {""value"": 2.02976451162071e-10, ""threshold"": 0.0, ""passed"": true}}, ""failures"": [""structural_soundness_fail: ""], ""warnings"": [], ""classification"": ""research""}",0.0,0.0,0.38319301098110853,production,production,False,False,0.1
(*)|(*)|(reg_atr_change_rate_ts_band25_75==1&reg_atr_change_rate_ts_top20==1&reg_atr_change_rate_ts_top40==0&reg_atr_change_rate_ts_top50==0&reg_atr_change_rate_ts_top60==0&reg_atr_change_rate_ts_top70==0),*,*,reg_atr_change_rate_ts_band25_75==1&reg_atr_change_rate_ts_top20==1&reg_atr_change_rate_ts_top40==0&reg_atr_change_rate_ts_top50==0&reg_atr_change_rate_ts_top60==0&reg_atr_change_rate_ts_top70==0,-0.3304424186547597,0.3304424186547597,0.029361046593413077,0.27754272023836773,0.1262716049382716,0.033873879605899083,1.0,1.0,0.5018270401948843,1080,,,0.00932816011966527,-0.011662717654065732,0.027580387623222607,0.03944515164517494,,0.6666666666666666,-0.02404352012997818,-1.9755901611530537,1.0,0.01785997426410574,-0.01818299290930472,-2.17139037368271,0.003519774756903075,0.0001108770017328365,1.0967370122671129e-10,0.001812296078516138,0.01,0.01,0.01,0.01,0.010967370122671127,0.0001232391810805712,0.0001232391810805712,9.000072764060358e-05,-0.3305324193824003,3,1,1,6,6,stage_a_context,,short,6-way,True,,production,production,-0.02404352012997818,-0.01818299290930472,0.035733040122568914,1.0,primary_target,0,ranking,research,"{""checks"": {""n_folds"": {""value"": 3, ""threshold"": 3, ""passed"": true}, ""healthy_fold_count"": {""value"": 3, ""threshold"": 2, ""passed"": true}, ""healthy_fold_ratio"": {""value"": 1.0, ""threshold"": 0.6666666666666666, ""passed"": true}, ""presence_freq"": {""value"": 1.0, ""threshold"": 0.75, ""passed"": true}, ""directional_mean_ret"": {""value"": 0.3304424186547597, ""threshold"": 0.0, ""passed"": true}, ""hurdle_excess"": {""value"": 0.3303524179271191, ""threshold"": 0.0, ""passed"": true}, ""min_support_actual"": {""value"": 1080, ""threshold"": 50, ""passed"": true}, ""is_structurally_sound"": {""value"": false, ""passed"": false}, ""trade_path_quality_score"": {""value"": 1.0967370122671129e-10, ""threshold"": 0.0, ""passed"": true}}, ""failures"": [""structural_soundness_fail: ""], ""warnings"": [], ""classification"": ""research""}",0.0,0.0,0.2099163644042085,production,production,False,False,0.1
(*)|(loc_dist_ema20_atr_ts_top20==1)|(reg_atr_change_rate_ts_band25_75==1&reg_atr_change_rate_ts_bot40==1&reg_atr_change_rate_ts_top50==0&reg_atr_change_rate_ts_top60==0&reg_atr_change_rate_ts_top70==0),*,loc_dist_ema20_atr_ts_top20==1,reg_atr_change_rate_ts_band25_75==1&reg_atr_change_rate_ts_bot40==1&reg_atr_change_rate_ts_top50==0&reg_atr_change_rate_ts_top60==0&reg_atr_change_rate_ts_top70==0,-0.3304424186547597,0.3304424186547597,0.029361046593413077,0.27754272023836773,0.1262716049382716,0.033873879605899083,1.0,1.0,0.5018270401948843,1080,,,0.00932816011966527,-0.011662717654065732,0.027580387623222607,0.03944515164517494,,0.6666666666666666,-0.02404352012997818,-1.9755901611530537,1.0,0.01785997426410574,-0.01818299290930472,-2.17139037368271,0.003519774756903075,0.0001108770017328365,1.0967370122671129e-10,0.001812296078516138,0.01,0.01,0.01,0.01,0.010967370122671127,0.0001232391810805712,0.0001232391810805712,9.000072764060358e-05,-0.3305324193824003,3,1,1,6,6,stage_a_context,,short,6-way,True,,production,production,-0.02404352012997818,-0.01818299290930472,0.035733040122568914,1.0,primary_target,0,ranking,research,"{""checks"": {""n_folds"": {""value"": 3, ""threshold"": 3, ""passed"": true}, ""healthy_fold_count"": {""value"": 3, ""threshold"": 2, ""passed"": true}, ""healthy_fold_ratio"": {""value"": 1.0, ""threshold"": 0.6666666666666666, ""passed"": true}, ""presence_freq"": {""value"": 1.0, ""threshold"": 0.75, ""passed"": true}, ""directional_mean_ret"": {""value"": 0.3304424186547597, ""threshold"": 0.0, ""passed"": true}, ""hurdle_excess"": {""value"": 0.3303524179271191, ""threshold"": 0.0, ""passed"": true}, ""min_support_actual"": {""value"": 1080, ""threshold"": 50, ""passed"": true}, ""is_structurally_sound"": {""value"": false, ""passed"": false}, ""trade_path_quality_score"": {""value"": 1.0967370122671129e-10, ""threshold"": 0.0, ""passed"": true}}, ""failures"": [""structural_soundness_fail: ""], ""warnings"": [], ""classification"": ""research""}",0.0,0.0,0.3743410940206897,production,production,False,False,0.1
(*)|(loc_dist_ema20_atr_ts_top70==0)|(reg_atr_change_rate_ts_band25_75==1&reg_atr_change_rate_ts_top20==1&reg_atr_change_rate_ts_top40==0&reg_atr_change_rate_ts_top50==0&reg_atr_change_rate_ts_top60==0),*,loc_dist_ema20_atr_ts_top70==0,reg_atr_change_rate_ts_band25_75==1&reg_atr_change_rate_ts_top20==1&reg_atr_change_rate_ts_top40==0&reg_atr_change_rate_ts_top50==0&reg_atr_change_rate_ts_top60==0,-0.3304424186547597,0.3304424186547597,0.029361046593413077,0.27754272023836773,0.1262716049382716,0.033873879605899083,1.0,1.0,0.5018270401948843,1080,,,0.00932816011966527,-0.011662717654065732,0.027580387623222607,0.03944515164517494,,0.6666666666666666,-0.02404352012997818,-1.9755901611530537,1.0,0.01785997426410574,-0.01818299290930472,-2.17139037368271,0.003519774756903075,0.0001108770017328365,1.0967370122671129e-10,0.001812296078516138,0.01,0.01,0.01,0.01,0.010967370122671127,0.0001232391810805712,0.0001232391810805712,9.000072764060358e-05,-0.3305324193824003,3,1,1,6,6,stage_a_context,,short,6-way,True,,production,production,-0.02404352012997818,-0.01818299290930472,0.035733040122568914,1.0,primary_target,0,ranking,research,"{""checks"": {""n_folds"": {""value"": 3, ""threshold"": 3, ""passed"": true}, ""healthy_fold_count"": {""value"": 3, ""threshold"": 2, ""passed"": true}, ""healthy_fold_ratio"": {""value"": 1.0, ""threshold"": 0.6666666666666666, ""passed"": true}, ""presence_freq"": {""value"": 1.0, ""threshold"": 0.75, ""passed"": true}, ""directional_mean_ret"": {""value"": 0.3304424186547597, ""threshold"": 0.0, ""passed"": true}, ""hurdle_excess"": {""value"": 0.3303524179271191, ""threshold"": 0.0, ""passed"": true}, ""min_support_actual"": {""value"": 1080, ""threshold"": 50, ""passed"": true}, ""is_structurally_sound"": {""value"": false, ""passed"": false}, ""trade_path_quality_score"": {""value"": 1.0967370122671129e-10, ""threshold"": 0.0, ""passed"": true}}, ""failures"": [""structural_soundness_fail: ""], ""warnings"": [], ""classification"": ""research""}",0.0,0.0,0.31205002577821317,production,production,False,False,0.1
(*)|(*)|(reg_atr_change_rate_ts_band25_75==1&reg_atr_change_rate_ts_bot70==1&reg_atr_change_rate_ts_top20==1&reg_atr_change_rate_ts_top40==1&reg_atr_change_rate_ts_top60==0&reg_atr_change_rate_ts_top80==0),*,*,reg_atr_change_rate_ts_band25_75==1&reg_atr_change_rate_ts_bot70==1&reg_atr_change_rate_ts_top20==1&reg_atr_change_rate_ts_top40==1&reg_atr_change_rate_ts_top60==0&reg_atr_change_rate_ts_top80==0,-0.33084531625111896,0.33084531625111896,0.008338549885236505,0.2858148117860158,0.2133333333333333,0.022633963336019972,1.0,1.0,0.5029515938606848,2457,,,0.008141294751817907,0.0038552359443628425,0.005962300884037418,0.011337856625382729,,1.0,-0.08262060563610106,-1.0163811940619045,0.6666666666666666,-0.04453893135422391,-0.0767600784154276,1.1709199346529573,1.59946261961251e-08,7.486443476233538e-06,1.9695931075781928e-10,0.00026943672406741905,0.01,0.017410517515394998,0.01,0.01,0.011312662623822689,3.4030600037481214e-05,3.4030600037481214e-05,9.351125000000001e-05,-0.33093882750111897,3,1,1,6,6,stage_a_context,,short,6-way,True,,production,production,-0.08262060563610106,-0.0767600784154276,0.004806454397076794,0.2761904761904767,primary_target,0,ranking,research,"{""checks"": {""n_folds"": {""value"": 3, ""threshold"": 3, ""passed"": true}, ""healthy_fold_count"": {""value"": 3, ""threshold"": 2, ""passed"": true}, ""healthy_fold_ratio"": {""value"": 1.0, ""threshold"": 0.6666666666666666, ""passed"": true}, ""presence_freq"": {""value"": 1.0, ""threshold"": 0.75, ""passed"": true}, ""directional_mean_ret"": {""value"": 0.33084531625111896, ""threshold"": 0.0, ""passed"": true}, ""hurdle_excess"": {""value"": 0.33075180500111895, ""threshold"": 0.0, ""passed"": true}, ""min_support_actual"": {""value"": 2457, ""threshold"": 50, ""passed"": true}, ""is_structurally_sound"": {""value"": false, ""passed"": false}, ""trade_path_quality_score"": {""value"": 1.9695931075781928e-10, ""threshold"": 0.0, ""passed"": true}}, ""failures"": [""structural_soundness_fail: ""], ""warnings"": [], ""classification"": ""research""}",0.0,0.0,0.2526658241944405,production,production,False,False,0.1
(*)|(loc_dist_ema20_atr_ts_top30==1)|(reg_atr_change_rate_ts_top20==1&reg_atr_change_rate_ts_top40==0),*,loc_dist_ema20_atr_ts_top30==1,reg_atr_change_rate_ts_top20==1&reg_atr_change_rate_ts_top40==0,-0.337635596593221,0.337635596593221,0.028606569252475813,0.2836647133032481,0.08449382716049382,0.022710788440713406,1.0,1.0,0.5266272189349113,720,,,0.000695550800190195,-0.009839387024319596,0.020666866495809785,0.021216146472509783,,0.6666666666666666,,,,0.04997099666805594,,0.18617709530631757,0.1196502910140574,0.23800953625546203,1.1459161527454856e-10,0.00063286777164906,0.01,0.01,0.01,0.01,0.011459161527454853,0.0037846639442761934,0.0037846639442761934,7.114852502667276e-05,-0.33770674511824766,3,1,1,3,3,stage_a_context,,short,3-way,True,,production,production,,,0.013841488289609924,0.751901234567901,primary_target,0,ranking,research,"{""checks"": {""n_folds"": {""value"": 3, ""threshold"": 3, ""passed"": true}, ""healthy_fold_count"": {""value"": 3, ""threshold"": 2, ""passed"": true}, ""healthy_fold_ratio"": {""value"": 1.0, ""threshold"": 0.6666666666666666, ""passed"": true}, ""presence_freq"": {""value"": 1.0, ""threshold"": 0.75, ""passed"": true}, ""directional_mean_ret"": {""value"": 0.337635596593221, ""threshold"": 0.0, ""passed"": true}, ""hurdle_excess"": {""value"": 0.33756444806819436, ""threshold"": 0.0, ""passed"": true}, ""min_support_actual"": {""value"": 720, ""threshold"": 50, ""passed"": true}, ""is_structurally_sound"": {""value"": false, ""passed"": false}, ""trade_path_quality_score"": {""value"": 1.1459161527454856e-10, ""threshold"": 0.0, ""passed"": true}}, ""failures"": [""structural_soundness_fail: ""], ""warnings"": [], ""classification"": ""research""}",0.0,0.0,0.26640138834138427,production,production,False,False,0.3
(*)|(loc_dist_ema20_atr_ts_top30==1)|(reg_atr_change_rate_ts_bot20==0&reg_atr_change_rate_ts_bot40==1),*,loc_dist_ema20_atr_ts_top30==1,reg_atr_change_rate_ts_bot20==0&reg_atr_change_rate_ts_bot40==1,-0.337635596593221,0.337635596593221,0.028606569252475813,0.2836647133032481,0.08449382716049382,0.022710788440713406,1.0,1.0,0.5266272189349113,720,,,0.000695550800190195,-0.009839387024319596,0.020666866495809785,0.021216146472509783,,0.6666666666666666,,,,0.04997099666805594,,0.18617709530631757,0.1196502910140574,0.23800953625546203,1.1459161527454856e-10,0.00063286777164906,0.01,0.01,0.01,0.01,0.011459161527454853,0.0037846639442761934,0.0037846639442761934,7.114852502667276e-05,-0.33770674511824766,3,1,1,3,3,stage_a_context,,short,3-way,True,,production,production,,,0.013841488289609924,0.751901234567901,primary_target,0,ranking,research,"{""checks"": {""n_folds"": {""value"": 3, ""threshold"": 3, ""passed"": true}, ""healthy_fold_count"": {""value"": 3, ""threshold"": 2, ""passed"": true}, ""healthy_fold_ratio"": {""value"": 1.0, ""threshold"": 0.6666666666666666, ""passed"": true}, ""presence_freq"": {""value"": 1.0, ""threshold"": 0.75, ""passed"": true}, ""directional_mean_ret"": {""value"": 0.337635596593221, ""threshold"": 0.0, ""passed"": true}, ""hurdle_excess"": {""value"": 0.33756444806819436, ""threshold"": 0.0, ""passed"": true}, ""min_support_actual"": {""value"": 720, ""threshold"": 50, ""passed"": true}, ""is_structurally_sound"": {""value"": false, ""passed"": false}, ""trade_path_quality_score"": {""value"": 1.1459161527454856e-10, ""threshold"": 0.0, ""passed"": true}}, ""failures"": [""structural_soundness_fail: ""], ""warnings"": [], ""classification"": ""research""}",0.0,0.0,0.2722734353113484,production,production,False,False,0.3
(*)|(*)|(reg_atr_change_rate_ts_band30_70==1&reg_atr_change_rate_ts_top20==1&reg_atr_change_rate_ts_top40==0),*,*,reg_atr_change_rate_ts_band30_70==1&reg_atr_change_rate_ts_top20==1&reg_atr_change_rate_ts_top40==0,-0.337635596593221,0.337635596593221,0.028606569252475813,0.2836647133032481,0.08449382716049382,0.022710788440713406,1.0,1.0,0.5266272189349113,720,,,0.000695550800190195,-0.009839387024319596,0.020666866495809785,0.021216146472509783,,0.6666666666666666,,,,0.04997099666805594,,0.18617709530631757,0.1196502910140574,0.23800953625546203,1.1459161527454856e-10,0.00063286777164906,0.01,0.01,0.01,0.01,0.011459161527454853,0.0037846639442761934,0.0037846639442761934,7.114852502667276e-05,-0.33770674511824766,3,1,1,3,3,stage_a_context,,short,3-way,True,,production,production,,,0.013841488289609924,0.751901234567901,primary_target,0,ranking,research,"{""checks"": {""n_folds"": {""value"": 3, ""threshold"": 3, ""passed"": true}, ""healthy_fold_count"": {""value"": 3, ""threshold"": 2, ""passed"": true}, ""healthy_fold_ratio"": {""value"": 1.0, ""threshold"": 0.6666666666666666, ""passed"": true}, ""presence_freq"": {""value"": 1.0, ""threshold"": 0.75, ""passed"": true}, ""directional_mean_ret"": {""value"": 0.337635596593221, ""threshold"": 0.0, ""passed"": true}, ""hurdle_excess"": {""value"": 0.33756444806819436, ""threshold"": 0.0, ""passed"": true}, ""min_support_actual"": {""value"": 720, ""threshold"": 50, ""passed"": true}, ""is_structurally_sound"": {""value"": false, ""passed"": false}, ""trade_path_quality_score"": {""value"": 1.1459161527454856e-10, ""threshold"": 0.0, ""passed"": true}}, ""failures"": [""structural_soundness_fail: ""], ""warnings"": [], ""classification"": ""research""}",0.0,0.0,0.3539494037172602,production,production,False,False,0.3
(*)|(loc_dist_ema20_atr_ts_top40==0)|(reg_atr_change_rate_ts_band30_70==1&reg_atr_change_rate_ts_top20==1),*,loc_dist_ema20_atr_ts_top40==0,reg_atr_change_rate_ts_band30_70==1&reg_atr_change_rate_ts_top20==1,-0.337635596593221,0.337635596593221,0.028606569252475813,0.2836647133032481,0.08449382716049382,0.022710788440713406,1.0,1.0,0.5266272189349113,720,,,0.000695550800190195,-0.009839387024319596,0.020666866495809785,0.021216146472509783,,0.6666666666666666,,,,0.04997099666805594,,0.18617709530631757,0.1196502910140574,0.23800953625546203,1.1459161527454856e-10,0.00063286777164906,0.01,0.01,0.01,0.01,0.011459161527454853,0.0037846639442761934,0.0037846639442761934,7.114852502667276e-05,-0.33770674511824766,3,1,1,3,3,stage_a_context,,short,3-way,True,,production,production,,,0.013841488289609924,0.751901234567901,primary_target,0,ranking,research,"{""checks"": {""n_folds"": {""value"": 3, ""threshold"": 3, ""passed"": true}, ""healthy_fold_count"": {""value"": 3, ""threshold"": 2, ""passed"": true}, ""healthy_fold_ratio"": {""value"": 1.0, ""threshold"": 0.6666666666666666, ""passed"": true}, ""presence_freq"": {""value"": 1.0, ""threshold"": 0.75, ""passed"": true}, ""directional_mean_ret"": {""value"": 0.337635596593221, ""threshold"": 0.0, ""passed"": true}, ""hurdle_excess"": {""value"": 0.33756444806819436, ""threshold"": 0.0, ""passed"": true}, ""min_support_actual"": {""value"": 720, ""threshold"": 50, ""passed"": true}, ""is_structurally_sound"": {""value"": false, ""passed"": false}, ""trade_path_quality_score"": {""value"": 1.1459161527454856e-10, ""threshold"": 0.0, ""passed"": true}}, ""failures"": [""structural_soundness_fail: ""], ""warnings"": [], ""classification"": ""research""}",0.0,0.0,0.7255438310441938,production,production,False,False,0.3
(*)|(loc_dist_ema20_atr_ts_band30_70==1&loc_dist_ema20_atr_ts_top20==1)|(reg_atr_change_rate_ts_top40==0),*,loc_dist_ema20_atr_ts_band30_70==1&loc_dist_ema20_atr_ts_top20==1,reg_atr_change_rate_ts_top40==0,-0.337635596593221,0.337635596593221,0.028606569252475813,0.2836647133032481,0.08449382716049382,0.022710788440713406,1.0,1.0,0.5266272189349113,720,,,0.000695550800190195,-0.009839387024319596,0.020666866495809785,0.021216146472509783,,0.6666666666666666,,,,0.04997099666805594,,0.18617709530631757,0.1196502910140574,0.23800953625546203,1.1459161527454856e-10,0.00063286777164906,0.01,0.01,0.01,0.01,0.011459161527454853,0.0037846639442761934,0.0037846639442761934,7.114852502667276e-05,-0.33770674511824766,3,1,1,3,3,stage_a_context,,short,3-way,True,,production,production,,,0.013841488289609924,0.751901234567901,primary_target,0,ranking,research,"{""checks"": {""n_folds"": {""value"": 3, ""threshold"": 3, ""passed"": true}, ""healthy_fold_count"": {""value"": 3, ""threshold"": 2, ""passed"": true}, ""healthy_fold_ratio"": {""value"": 1.0, ""threshold"": 0.6666666666666666, ""passed"": true}, ""presence_freq"": {""value"": 1.0, ""threshold"": 0.75, ""passed"": true}, ""directional_mean_ret"": {""value"": 0.337635596593221, ""threshold"": 0.0, ""passed"": true}, ""hurdle_excess"": {""value"": 0.33756444806819436, ""threshold"": 0.0, ""passed"": true}, ""min_support_actual"": {""value"": 720, ""threshold"": 50, ""passed"": true}, ""is_structurally_sound"": {""value"": false, ""passed"": false}, ""trade_path_quality_score"": {""value"": 1.1459161527454856e-10, ""threshold"": 0.0, ""passed"": true}}, ""failures"": [""structural_soundness_fail: ""], ""warnings"": [], ""classification"": ""research""}",0.0,0.0,0.7536938685324126,production,production,False,False,0.3
(*)|(loc_dist_ema20_atr_ts_bot40==1)|(reg_atr_change_rate_ts_band30_70==1&reg_atr_change_rate_ts_top20==1),*,loc_dist_ema20_atr_ts_bot40==1,reg_atr_change_rate_ts_band30_70==1&reg_atr_change_rate_ts_top20==1,-0.337635596593221,0.337635596593221,0.028606569252475813,0.2836647133032481,0.08449382716049382,0.022710788440713406,1.0,1.0,0.5266272189349113,720,,,0.000695550800190195,-0.009839387024319596,0.020666866495809785,0.021216146472509783,,0.6666666666666666,,,,0.04997099666805594,,0.18617709530631757,0.1196502910140574,0.23800953625546203,1.1459161527454856e-10,0.00063286777164906,0.01,0.01,0.01,0.01,0.011459161527454853,0.0037846639442761934,0.0037846639442761934,7.114852502667276e-05,-0.33770674511824766,3,1,1,3,3,stage_a_context,,short,3-way,True,,production,production,,,0.013841488289609924,0.751901234567901,primary_target,0,ranking,research,"{""checks"": {""n_folds"": {""value"": 3, ""threshold"": 3, ""passed"": true}, ""healthy_fold_count"": {""value"": 3, ""threshold"": 2, ""passed"": true}, ""healthy_fold_ratio"": {""value"": 1.0, ""threshold"": 0.6666666666666666, ""passed"": true}, ""presence_freq"": {""value"": 1.0, ""threshold"": 0.75, ""passed"": true}, ""directional_mean_ret"": {""value"": 0.337635596593221, ""threshold"": 0.0, ""passed"": true}, ""hurdle_excess"": {""value"": 0.33756444806819436, ""threshold"": 0.0, ""passed"": true}, ""min_support_actual"": {""value"": 720, ""threshold"": 50, ""passed"": true}, ""is_structurally_sound"": {""value"": false, ""passed"": false}, ""trade_path_quality_score"": {""value"": 1.1459161527454856e-10, ""threshold"": 0.0, ""passed"": true}}, ""failures"": [""structural_soundness_fail: ""], ""warnings"": [], ""classification"": ""research""}",0.0,0.0,0.5613800740839523,production,production,False,False,0.3
(*)|(loc_dist_ema20_atr_ts_bot20==0)|(reg_atr_change_rate_ts_band30_70==1&reg_atr_change_rate_ts_top40==0),*,loc_dist_ema20_atr_ts_bot20==0,reg_atr_change_rate_ts_band30_70==1&reg_atr_change_rate_ts_top40==0,-0.337635596593221,0.337635596593221,0.028606569252475813,0.2836647133032481,0.08449382716049382,0.022710788440713406,1.0,1.0,0.5266272189349113,720,,,0.000695550800190195,-0.009839387024319596,0.020666866495809785,0.021216146472509783,,0.6666666666666666,,,,0.04997099666805594,,0.18617709530631757,0.1196502910140574,0.23800953625546203,1.1459161527454856e-10,0.00063286777164906,0.01,0.01,0.01,0.01,0.011459161527454853,0.0037846639442761934,0.0037846639442761934,7.114852502667276e-05,-0.33770674511824766,3,1,1,3,3,stage_a_context,,short,3-way,True,,production,production,,,0.013841488289609924,0.751901234567901,primary_target,0,ranking,research,"{""checks"": {""n_folds"": {""value"": 3, ""threshold"": 3, ""passed"": true}, ""healthy_fold_count"": {""value"": 3, ""threshold"": 2, ""passed"": true}, ""healthy_fold_ratio"": {""value"": 1.0, ""threshold"": 0.6666666666666666, ""passed"": true}, ""presence_freq"": {""value"": 1.0, ""threshold"": 0.75, ""passed"": true}, ""directional_mean_ret"": {""value"": 0.337635596593221, ""threshold"": 0.0, ""passed"": true}, ""hurdle_excess"": {""value"": 0.33756444806819436, ""threshold"": 0.0, ""passed"": true}, ""min_support_actual"": {""value"": 720, ""threshold"": 50, ""passed"": true}, ""is_structurally_sound"": {""value"": false, ""passed"": false}, ""trade_path_quality_score"": {""value"": 1.1459161527454856e-10, ""threshold"": 0.0, ""passed"": true}}, ""failures"": [""structural_soundness_fail: ""], ""warnings"": [], ""classification"": ""research""}",0.0,0.0,0.4377060435184331,production,production,False,False,0.3
(*)|(loc_dist_ema20_atr_ts_top40==0)|(reg_atr_change_rate_ts_bot30==0&reg_atr_change_rate_ts_top20==1),*,loc_dist_ema20_atr_ts_top40==0,reg_atr_change_rate_ts_bot30==0&reg_atr_change_rate_ts_top20==1,-0.337635596593221,0.337635596593221,0.028606569252475813,0.2836647133032481,0.08449382716049382,0.022710788440713406,1.0,1.0,0.5266272189349113,720,,,0.000695550800190195,-0.009839387024319596,0.020666866495809785,0.021216146472509783,,0.6666666666666666,,,,0.04997099666805594,,0.18617709530631757,0.1196502910140574,0.23800953625546203,1.1459161527454856e-10,0.00063286777164906,0.01,0.01,0.01,0.01,0.011459161527454853,0.0037846639442761934,0.0037846639442761934,7.114852502667276e-05,-0.33770674511824766,3,1,1,3,3,stage_a_context,,short,3-way,True,,production,production,,,0.013841488289609924,0.751901234567901,primary_target,0,ranking,research,"{""checks"": {""n_folds"": {""value"": 3, ""threshold"": 3, ""passed"": true}, ""healthy_fold_count"": {""value"": 3, ""threshold"": 2, ""passed"": true}, ""healthy_fold_ratio"": {""value"": 1.0, ""threshold"": 0.6666666666666666, ""passed"": true}, ""presence_freq"": {""value"": 1.0, ""threshold"": 0.75, ""passed"": true}, ""directional_mean_ret"": {""value"": 0.337635596593221, ""threshold"": 0.0, ""passed"": true}, ""hurdle_excess"": {""value"": 0.33756444806819436, ""threshold"": 0.0, ""passed"": true}, ""min_support_actual"": {""value"": 720, ""threshold"": 50, ""passed"": true}, ""is_structurally_sound"": {""value"": false, ""passed"": false}, ""trade_path_quality_score"": {""value"": 1.1459161527454856e-10, ""threshold"": 0.0, ""passed"": true}}, ""failures"": [""structural_soundness_fail: ""], ""warnings"": [], ""classification"": ""research""}",0.0,0.0,0.6819865860258508,production,production,False,False,0.3
(*)|(loc_dist_ema20_atr_ts_top30==1&loc_dist_ema20_atr_ts_top40==0)|(reg_atr_change_rate_ts_top20==1&reg_atr_change_rate_ts_top70==0),*,loc_dist_ema20_atr_ts_top30==1&loc_dist_ema20_atr_ts_top40==0,reg_atr_change_rate_ts_top20==1&reg_atr_change_rate_ts_top70==0,-0.337635596593221,0.337635596593221,0.028606569252475813,0.2836647133032481,0.08449382716049382,0.022710788440713406,1.0,1.0,0.5266272189349113,720,,,0.000695550800190195,-0.009839387024319596,0.020666866495809785,0.021216146472509783,,0.6666666666666666,,,,0.04997099666805594,,0.18617709530631757,0.1196502910140574,0.23800953625546203,1.1459161527454856e-10,0.00063286777164906,0.01,0.01,0.01,0.01,0.011459161527454853,0.0037846639442761934,0.0037846639442761934,9.147667503429356e-05,-0.3377270732682553,3,1,1,4,4,stage_a_context,,short,4-way,True,,production,production,,,0.013841488289609924,0.751901234567901,primary_target,0,ranking,research,"{""checks"": {""n_folds"": {""value"": 3, ""threshold"": 3, ""passed"": true}, ""healthy_fold_count"": {""value"": 3, ""threshold"": 2, ""passed"": true}, ""healthy_fold_ratio"": {""value"": 1.0, ""threshold"": 0.6666666666666666, ""passed"": true}, ""presence_freq"": {""value"": 1.0, ""threshold"": 0.75, ""passed"": true}, ""directional_mean_ret"": {""value"": 0.337635596593221, ""threshold"": 0.0, ""passed"": true}, ""hurdle_excess"": {""value"": 0.3375441199181867, ""threshold"": 0.0, ""passed"": true}, ""min_support_actual"": {""value"": 720, ""threshold"": 50, ""passed"": true}, ""is_structurally_sound"": {""value"": false, ""passed"": false}, ""trade_path_quality_score"": {""value"": 1.1459161527454856e-10, ""threshold"": 0.0, ""passed"": true}}, ""failures"": [""structural_soundness_fail: ""], ""warnings"": [], ""classification"": ""research""}",0.0,0.0,0.8386487157447008,production,production,False,False,0.1
(*)|(loc_dist_ema20_atr_ts_top30==1)|(reg_atr_change_rate_ts_top20==1&reg_atr_change_rate_ts_top40==0&reg_atr_change_rate_ts_top50==0&reg_atr_change_rate_ts_top60==0),*,loc_dist_ema20_atr_ts_top30==1,reg_atr_change_rate_ts_top20==1&reg_atr_change_rate_ts_top40==0&reg_atr_change_rate_ts_top50==0&reg_atr_change_rate_ts_top60==0,-0.337635596593221,0.337635596593221,0.028606569252475813,0.2836647133032481,0.08449382716049382,0.022710788440713406,1.0,1.0,0.5266272189349113,720,,,0.000695550800190195,-0.009839387024319596,0.020666866495809785,0.021216146472509783,,0.6666666666666666,,,,0.04997099666805594,,0.18617709530631757,0.1196502910140574,0.23800953625546203,1.1459161527454856e-10,0.00063286777164906,0.01,0.01,0.01,0.01,0.011459161527454853,0.0037846639442761934,0.0037846639442761934,9.147667503429356e-05,-0.3377270732682553,3,1,1,5,5,stage_a_context,,short,5-way,True,,production,production,,,0.013841488289609924,0.751901234567901,primary_target,0,ranking,research,"{""checks"": {""n_folds"": {""value"": 3, ""threshold"": 3, ""passed"": true}, ""healthy_fold_count"": {""value"": 3, ""threshold"": 2, ""passed"": true}, ""healthy_fold_ratio"": {""value"": 1.0, ""threshold"": 0.6666666666666666, ""passed"": true}, ""presence_freq"": {""value"": 1.0, ""threshold"": 0.75, ""passed"": true}, ""directional_mean_ret"": {""value"": 0.337635596593221, ""threshold"": 0.0, ""passed"": true}, ""hurdle_excess"": {""value"": 0.3375441199181867, ""threshold"": 0.0, ""passed"": true}, ""min_support_actual"": {""value"": 720, ""threshold"": 50, ""passed"": true}, ""is_structurally_sound"": {""value"": false, ""passed"": false}, ""trade_path_quality_score"": {""value"": 1.1459161527454856e-10, ""threshold"": 0.0, ""passed"": true}}, ""failures"": [""structural_soundness_fail: ""], ""warnings"": [], ""classification"": ""research""}",0.0,0.0,0.3183055800415419,production,production,False,False,0.1
(*)|(loc_dist_ema20_atr_ts_top30==1)|(reg_atr_change_rate_ts_band25_75==1&reg_atr_change_rate_ts_top20==1&reg_atr_change_rate_ts_top40==0&reg_atr_change_rate_ts_top80==0),*,loc_dist_ema20_atr_ts_top30==1,reg_atr_change_rate_ts_band25_75==1&reg_atr_change_rate_ts_top20==1&reg_atr_change_rate_ts_top40==0&reg_atr_change_rate_ts_top80==0,-0.337635596593221,0.337635596593221,0.028606569252475813,0.2836647133032481,0.08449382716049382,0.022710788440713406,1.0,1.0,0.5266272189349113,720,,,0.000695550800190195,-0.009839387024319596,0.020666866495809785,0.021216146472509783,,0.6666666666666666,,,,0.04997099666805594,,0.18617709530631757,0.1196502910140574,0.23800953625546203,1.1459161527454856e-10,0.00063286777164906,0.01,0.01,0.01,0.01,0.011459161527454853,0.0037846639442761934,0.0037846639442761934,9.147667503429356e-05,-0.3377270732682553,3,1,1,5,5,stage_a_context,,short,5-way,True,,production,production,,,0.013841488289609924,0.751901234567901,primary_target,0,ranking,research,"{""checks"": {""n_folds"": {""value"": 3, ""threshold"": 3, ""passed"": true}, ""healthy_fold_count"": {""value"": 3, ""threshold"": 2, ""passed"": true}, ""healthy_fold_ratio"": {""value"": 1.0, ""threshold"": 0.6666666666666666, ""passed"": true}, ""presence_freq"": {""value"": 1.0, ""threshold"": 0.75, ""passed"": true}, ""directional_mean_ret"": {""value"": 0.337635596593221, ""threshold"": 0.0, ""passed"": true}, ""hurdle_excess"": {""value"": 0.3375441199181867, ""threshold"": 0.0, ""passed"": true}, ""min_support_actual"": {""value"": 720, ""threshold"": 50, ""passed"": true}, ""is_structurally_sound"": {""value"": false, ""passed"": false}, ""trade_path_quality_score"": {""value"": 1.1459161527454856e-10, ""threshold"": 0.0, ""passed"": true}}, ""failures"": [""structural_soundness_fail: ""], ""warnings"": [], ""classification"": ""research""}",0.0,0.0,0.6619818313894973,production,production,False,False,0.1
(*)|(loc_dist_ema20_atr_ts_top30==1)|(reg_atr_change_rate_ts_band25_75==1&reg_atr_change_rate_ts_top20==1&reg_atr_change_rate_ts_top40==0&reg_atr_change_rate_ts_top60==0&reg_atr_change_rate_ts_top70==0),*,loc_dist_ema20_atr_ts_top30==1,reg_atr_change_rate_ts_band25_75==1&reg_atr_change_rate_ts_top20==1&reg_atr_change_rate_ts_top40==0&reg_atr_change_rate_ts_top60==0&reg_atr_change_rate_ts_top70==0,-0.337635596593221,0.337635596593221,0.028606569252475813,0.2836647133032481,0.08449382716049382,0.022710788440713406,1.0,1.0,0.5266272189349113,720,,,0.000695550800190195,-0.009839387024319596,0.020666866495809785,0.021216146472509783,,0.6666666666666666,,,,0.04997099666805594,,0.18617709530631757,0.1196502910140574,0.23800953625546203,1.1459161527454856e-10,0.00063286777164906,0.01,0.01,0.01,0.01,0.011459161527454853,0.0037846639442761934,0.0037846639442761934,9.147667503429356e-05,-0.3377270732682553,3,1,1,6,6,stage_a_context,,short,6-way,True,,production,production,,,0.013841488289609924,0.751901234567901,primary_target,0,ranking,research,"{""checks"": {""n_folds"": {""value"": 3, ""threshold"": 3, ""passed"": true}, ""healthy_fold_count"": {""value"": 3, ""threshold"": 2, ""passed"": true}, ""healthy_fold_ratio"": {""value"": 1.0, ""threshold"": 0.6666666666666666, ""passed"": true}, ""presence_freq"": {""value"": 1.0, ""threshold"": 0.75, ""passed"": true}, ""directional_mean_ret"": {""value"": 0.337635596593221, ""threshold"": 0.0, ""passed"": true}, ""hurdle_excess"": {""value"": 0.3375441199181867, ""threshold"": 0.0, ""passed"": true}, ""min_support_actual"": {""value"": 720, ""threshold"": 50, ""passed"": true}, ""is_structurally_sound"": {""value"": false, ""passed"": false}, ""trade_path_quality_score"": {""value"": 1.1459161527454856e-10, ""threshold"": 0.0, ""passed"": true}}, ""failures"": [""structural_soundness_fail: ""], ""warnings"": [], ""classification"": ""research""}",0.0,0.0,0.2687751624535255,production,production,False,False,0.1
(*)|(loc_dist_ema20_atr_ts_top30==1)|(reg_atr_change_rate_ts_band25_75==1&reg_atr_change_rate_ts_top20==1&reg_atr_change_rate_ts_top40==0&reg_atr_change_rate_ts_top50==0&reg_atr_change_rate_ts_top80==0),*,loc_dist_ema20_atr_ts_top30==1,reg_atr_change_rate_ts_band25_75==1&reg_atr_change_rate_ts_top20==1&reg_atr_change_rate_ts_top40==0&reg_atr_change_rate_ts_top50==0&reg_atr_change_rate_ts_top80==0,-0.337635596593221,0.337635596593221,0.028606569252475813,0.2836647133032481,0.08449382716049382,0.022710788440713406,1.0,1.0,0.5266272189349113,720,,,0.000695550800190195,-0.009839387024319596,0.020666866495809785,0.021216146472509783,,0.6666666666666666,,,,0.04997099666805594,,0.18617709530631757,0.1196502910140574,0.23800953625546203,1.1459161527454856e-10,0.00063286777164906,0.01,0.01,0.01,0.01,0.011459161527454853,0.0037846639442761934,0.0037846639442761934,9.147667503429356e-05,-0.3377270732682553,3,1,1,6,6,stage_a_context,,short,6-way,True,,production,production,,,0.013841488289609924,0.751901234567901,primary_target,0,ranking,research,"{""checks"": {""n_folds"": {""value"": 3, ""threshold"": 3, ""passed"": true}, ""healthy_fold_count"": {""value"": 3, ""threshold"": 2, ""passed"": true}, ""healthy_fold_ratio"": {""value"": 1.0, ""threshold"": 0.6666666666666666, ""passed"": true}, ""presence_freq"": {""value"": 1.0, ""threshold"": 0.75, ""passed"": true}, ""directional_mean_ret"": {""value"": 0.337635596593221, ""threshold"": 0.0, ""passed"": true}, ""hurdle_excess"": {""value"": 0.3375441199181867, ""threshold"": 0.0, ""passed"": true}, ""min_support_actual"": {""value"": 720, ""threshold"": 50, ""passed"": true}, ""is_structurally_sound"": {""value"": false, ""passed"": false}, ""trade_path_quality_score"": {""value"": 1.1459161527454856e-10, ""threshold"": 0.0, ""passed"": true}}, ""failures"": [""structural_soundness_fail: ""], ""warnings"": [], ""classification"": ""research""}",0.0,0.0,0.34222796384551174,production,production,False,False,0.1
(*)|(loc_dist_ema20_atr_ts_top20==1&loc_dist_ema20_atr_ts_top50==0)|(reg_atr_change_rate_ts_top30==1&reg_atr_change_rate_ts_top40==0),*,loc_dist_ema20_atr_ts_top20==1&loc_dist_ema20_atr_ts_top50==0,reg_atr_change_rate_ts_top30==1&reg_atr_change_rate_ts_top40==0,-0.337635596593221,0.337635596593221,0.028606569252475813,0.2836647133032481,0.08449382716049382,0.022710788440713406,1.0,1.0,0.5266272189349113,720,,,0.000695550800190195,-0.009839387024319596,0.020666866495809785,0.021216146472509783,,0.6666666666666666,,,,0.04997099666805594,,0.18617709530631757,0.1196502910140574,0.23800953625546203,1.1459161527454856e-10,0.00063286777164906,0.01,0.01,0.01,0.01,0.011459161527454853,0.0037846639442761934,0.0037846639442761934,9.147667503429356e-05,-0.3377270732682553,3,1,1,4,4,stage_a_context,,short,4-way,True,,production,production,,,0.013841488289609924,0.751901234567901,primary_target,0,ranking,research,"{""checks"": {""n_folds"": {""value"": 3, ""threshold"": 3, ""passed"": true}, ""healthy_fold_count"": {""value"": 3, ""threshold"": 2, ""passed"": true}, ""healthy_fold_ratio"": {""value"": 1.0, ""threshold"": 0.6666666666666666, ""passed"": true}, ""presence_freq"": {""value"": 1.0, ""threshold"": 0.75, ""passed"": true}, ""directional_mean_ret"": {""value"": 0.337635596593221, ""threshold"": 0.0, ""passed"": true}, ""hurdle_excess"": {""value"": 0.3375441199181867, ""threshold"": 0.0, ""passed"": true}, ""min_support_actual"": {""value"": 720, ""threshold"": 50, ""passed"": true}, ""is_structurally_sound"": {""value"": false, ""passed"": false}, ""trade_path_quality_score"": {""value"": 1.1459161527454856e-10, ""threshold"": 0.0, ""passed"": true}}, ""failures"": [""structural_soundness_fail: ""], ""warnings"": [], ""classification"": ""research""}",0.0,0.0,0.42021149843744704,production,production,False,False,0.1
(*)|(loc_dist_ema20_atr_ts_top30==1)|(reg_atr_change_rate_ts_top20==1&reg_atr_change_rate_ts_top40==0&reg_atr_change_rate_ts_top50==0),*,loc_dist_ema20_atr_ts_top30==1,reg_atr_change_rate_ts_top20==1&reg_atr_change_rate_ts_top40==0&reg_atr_change_rate_ts_top50==0,-0.337635596593221,0.337635596593221,0.028606569252475813,0.2836647133032481,0.08449382716049382,0.022710788440713406,1.0,1.0,0.5266272189349113,720,,,0.000695550800190195,-0.009839387024319596,0.020666866495809785,0.021216146472509783,,0.6666666666666666,,,,0.04997099666805594,,0.18617709530631757,0.1196502910140574,0.23800953625546203,1.1459161527454856e-10,0.00063286777164906,0.01,0.01,0.01,0.01,0.011459161527454853,0.0037846639442761934,0.0037846639442761934,9.147667503429356e-05,-0.3377270732682553,3,1,1,4,4,stage_a_context,,short,4-way,True,,production,production,,,0.013841488289609924,0.751901234567901,primary_target,0,ranking,research,"{""checks"": {""n_folds"": {""value"": 3, ""threshold"": 3, ""passed"": true}, ""healthy_fold_count"": {""value"": 3, ""threshold"": 2, ""passed"": true}, ""healthy_fold_ratio"": {""value"": 1.0, ""threshold"": 0.6666666666666666, ""passed"": true}, ""presence_freq"": {""value"": 1.0, ""threshold"": 0.75, ""passed"": true}, ""directional_mean_ret"": {""value"": 0.337635596593221, ""threshold"": 0.0, ""passed"": true}, ""hurdle_excess"": {""value"": 0.3375441199181867, ""threshold"": 0.0, ""passed"": true}, ""min_support_actual"": {""value"": 720, ""threshold"": 50, ""passed"": true}, ""is_structurally_sound"": {""value"": false, ""passed"": false}, ""trade_path_quality_score"": {""value"": 1.1459161527454856e-10, ""threshold"": 0.0, ""passed"": true}}, ""failures"": [""structural_soundness_fail: ""], ""warnings"": [], ""classification"": ""research""}",0.0,0.0,0.3708228584828949,production,production,False,False,0.1
(*)|(loc_dist_ema20_atr_ts_top30==1&loc_dist_ema20_atr_ts_top40==0)|(reg_atr_change_rate_ts_band40_60==0&reg_atr_change_rate_ts_top20==1),*,loc_dist_ema20_atr_ts_top30==1&loc_dist_ema20_atr_ts_top40==0,reg_atr_change_rate_ts_band40_60==0&reg_atr_change_rate_ts_top20==1,-0.337635596593221,0.337635596593221,0.028606569252475813,0.2836647133032481,0.08449382716049382,0.022710788440713406,1.0,1.0,0.5266272189349113,720,,,0.000695550800190195,-0.009839387024319596,0.020666866495809785,0.021216146472509783,,0.6666666666666666,,,,0.04997099666805594,,0.18617709530631757,0.1196502910140574,0.23800953625546203,1.1459161527454856e-10,0.00063286777164906,0.01,0.01,0.01,0.01,0.011459161527454853,0.0037846639442761934,0.0037846639442761934,9.147667503429356e-05,-0.3377270732682553,3,1,1,4,4,stage_a_context,,short,4-way,True,,production,production,,,0.013841488289609924,0.751901234567901,primary_target,0,ranking,research,"{""checks"": {""n_folds"": {""value"": 3, ""threshold"": 3, ""passed"": true}, ""healthy_fold_count"": {""value"": 3, ""threshold"": 2, ""passed"": true}, ""healthy_fold_ratio"": {""value"": 1.0, ""threshold"": 0.6666666666666666, ""passed"": true}, ""presence_freq"": {""value"": 1.0, ""threshold"": 0.75, ""passed"": true}, ""directional_mean_ret"": {""value"": 0.337635596593221, ""threshold"": 0.0, ""passed"": true}, ""hurdle_excess"": {""value"": 0.3375441199181867, ""threshold"": 0.0, ""passed"": true}, ""min_support_actual"": {""value"": 720, ""threshold"": 50, ""passed"": true}, ""is_structurally_sound"": {""value"": false, ""passed"": false}, ""trade_path_quality_score"": {""value"": 1.1459161527454856e-10, ""threshold"": 0.0, ""passed"": true}}, ""failures"": [""structural_soundness_fail: ""], ""warnings"": [], ""classification"": ""research""}",0.0,0.0,0.4660226430352644,production,production,False,False,0.1
(*)|(loc_dist_ema20_atr_ts_top20==1)|(reg_atr_change_rate_ts_top30==1&reg_atr_change_rate_ts_top40==0&reg_atr_change_rate_ts_top60==0),*,loc_dist_ema20_atr_ts_top20==1,reg_atr_change_rate_ts_top30==1&reg_atr_change_rate_ts_top40==0&reg_atr_change_rate_ts_top60==0,-0.337635596593221,0.337635596593221,0.028606569252475813,0.2836647133032481,0.08449382716049382,0.022710788440713406,1.0,1.0,0.5266272189349113,720,,,0.000695550800190195,-0.009839387024319596,0.020666866495809785,0.021216146472509783,,0.6666666666666666,,,,0.04997099666805594,,0.18617709530631757,0.1196502910140574,0.23800953625546203,1.1459161527454856e-10,0.00063286777164906,0.01,0.01,0.01,0.01,0.011459161527454853,0.0037846639442761934,0.0037846639442761934,9.147667503429356e-05,-0.3377270732682553,3,1,1,4,4,stage_a_context,,short,4-way,True,,production,production,,,0.013841488289609924,0.751901234567901,primary_target,0,ranking,research,"{""checks"": {""n_folds"": {""value"": 3, ""threshold"": 3, ""passed"": true}, ""healthy_fold_count"": {""value"": 3, ""threshold"": 2, ""passed"": true}, ""healthy_fold_ratio"": {""value"": 1.0, ""threshold"": 0.6666666666666666, ""passed"": true}, ""presence_freq"": {""value"": 1.0, ""threshold"": 0.75, ""passed"": true}, ""directional_mean_ret"": {""value"": 0.337635596593221, ""threshold"": 0.0, ""passed"": true}, ""hurdle_excess"": {""value"": 0.3375441199181867, ""threshold"": 0.0, ""passed"": true}, ""min_support_actual"": {""value"": 720, ""threshold"": 50, ""passed"": true}, ""is_structurally_sound"": {""value"": false, ""passed"": false}, ""trade_path_quality_score"": {""value"": 1.1459161527454856e-10, ""threshold"": 0.0, ""passed"": true}}, ""failures"": [""structural_soundness_fail: ""], ""warnings"": [], ""classification"": ""research""}",0.0,0.0,0.49141760733848,production,production,False,False,0.1
(*)|(loc_dist_ema20_atr_ts_top20==1)|(reg_atr_change_rate_ts_bot30==0&reg_atr_change_rate_ts_bot40==1&reg_atr_change_rate_ts_top60==0&reg_atr_change_rate_ts_top70==0),*,loc_dist_ema20_atr_ts_top20==1,reg_atr_change_rate_ts_bot30==0&reg_atr_change_rate_ts_bot40==1&reg_atr_change_rate_ts_top60==0&reg_atr_change_rate_ts_top70==0,-0.337635596593221,0.337635596593221,0.028606569252475813,0.2836647133032481,0.08449382716049382,0.022710788440713406,1.0,1.0,0.5266272189349113,720,,,0.000695550800190195,-0.009839387024319596,0.020666866495809785,0.021216146472509783,,0.6666666666666666,,,,0.04997099666805594,,0.18617709530631757,0.1196502910140574,0.23800953625546203,1.1459161527454856e-10,0.00063286777164906,0.01,0.01,0.01,0.01,0.011459161527454853,0.0037846639442761934,0.0037846639442761934,9.147667503429356e-05,-0.3377270732682553,3,1,1,5,5,stage_a_context,,short,5-way,True,,production,production,,,0.013841488289609924,0.751901234567901,primary_target,0,ranking,research,"{""checks"": {""n_folds"": {""value"": 3, ""threshold"": 3, ""passed"": true}, ""healthy_fold_count"": {""value"": 3, ""threshold"": 2, ""passed"": true}, ""healthy_fold_ratio"": {""value"": 1.0, ""threshold"": 0.6666666666666666, ""passed"": true}, ""presence_freq"": {""value"": 1.0, ""threshold"": 0.75, ""passed"": true}, ""directional_mean_ret"": {""value"": 0.337635596593221, ""threshold"": 0.0, ""passed"": true}, ""hurdle_excess"": {""value"": 0.3375441199181867, ""threshold"": 0.0, ""passed"": true}, ""min_support_actual"": {""value"": 720, ""threshold"": 50, ""passed"": true}, ""is_structurally_sound"": {""value"": false, ""passed"": false}, ""trade_path_quality_score"": {""value"": 1.1459161527454856e-10, ""threshold"": 0.0, ""passed"": true}}, ""failures"": [""structural_soundness_fail: ""], ""warnings"": [], ""classification"": ""research""}",0.0,0.0,0.5736731234057372,production,production,False,False,0.1
(*)|(loc_dist_ema20_atr_ts_top20==1)|(reg_atr_change_rate_ts_band40_60==0&reg_atr_change_rate_ts_top30==1&reg_atr_change_rate_ts_top40==0),*,loc_dist_ema20_atr_ts_top20==1,reg_atr_change_rate_ts_band40_60==0&reg_atr_change_rate_ts_top30==1&reg_atr_change_rate_ts_top40==0,-0.337635596593221,0.337635596593221,0.028606569252475813,0.2836647133032481,0.08449382716049382,0.022710788440713406,1.0,1.0,0.5266272189349113,720,,,0.000695550800190195,-0.009839387024319596,0.020666866495809785,0.021216146472509783,,0.6666666666666666,,,,0.04997099666805594,,0.18617709530631757,0.1196502910140574,0.23800953625546203,1.1459161527454856e-10,0.00063286777164906,0.01,0.01,0.01,0.01,0.011459161527454853,0.0037846639442761934,0.0037846639442761934,9.147667503429356e-05,-0.3377270732682553,3,1,1,4,4,stage_a_context,,short,4-way,True,,production,production,,,0.013841488289609924,0.751901234567901,primary_target,0,ranking,research,"{""checks"": {""n_folds"": {""value"": 3, ""threshold"": 3, ""passed"": true}, ""healthy_fold_count"": {""value"": 3, ""threshold"": 2, ""passed"": true}, ""healthy_fold_ratio"": {""value"": 1.0, ""threshold"": 0.6666666666666666, ""passed"": true}, ""presence_freq"": {""value"": 1.0, ""threshold"": 0.75, ""passed"": true}, ""directional_mean_ret"": {""value"": 0.337635596593221, ""threshold"": 0.0, ""passed"": true}, ""hurdle_excess"": {""value"": 0.3375441199181867, ""threshold"": 0.0, ""passed"": true}, ""min_support_actual"": {""value"": 720, ""threshold"": 50, ""passed"": true}, ""is_structurally_sound"": {""value"": false, ""passed"": false}, ""trade_path_quality_score"": {""value"": 1.1459161527454856e-10, ""threshold"": 0.0, ""passed"": true}}, ""failures"": [""structural_soundness_fail: ""], ""warnings"": [], ""classification"": ""research""}",0.0,0.0,0.4897573228490199,production,production,False,False,0.1
(*)|(loc_dist_ema20_atr_ts_top20==1)|(reg_atr_change_rate_ts_band40_60==0&reg_atr_change_rate_ts_bot30==0&reg_atr_change_rate_ts_bot40==1&reg_atr_change_rate_ts_top70==0),*,loc_dist_ema20_atr_ts_top20==1,reg_atr_change_rate_ts_band40_60==0&reg_atr_change_rate_ts_bot30==0&reg_atr_change_rate_ts_bot40==1&reg_atr_change_rate_ts_top70==0,-0.337635596593221,0.337635596593221,0.028606569252475813,0.2836647133032481,0.08449382716049382,0.022710788440713406,1.0,1.0,0.5266272189349113,720,,,0.000695550800190195,-0.009839387024319596,0.020666866495809785,0.021216146472509783,,0.6666666666666666,,,,0.04997099666805594,,0.18617709530631757,0.1196502910140574,0.23800953625546203,1.1459161527454856e-10,0.00063286777164906,0.01,0.01,0.01,0.01,0.011459161527454853,0.0037846639442761934,0.0037846639442761934,9.147667503429356e-05,-0.3377270732682553,3,1,1,5,5,stage_a_context,,short,5-way,True,,production,production,,,0.013841488289609924,0.751901234567901,primary_target,0,ranking,research,"{""checks"": {""n_folds"": {""value"": 3, ""threshold"": 3, ""passed"": true}, ""healthy_fold_count"": {""value"": 3, ""threshold"": 2, ""passed"": true}, ""healthy_fold_ratio"": {""value"": 1.0, ""threshold"": 0.6666666666666666, ""passed"": true}, ""presence_freq"": {""value"": 1.0, ""threshold"": 0.75, ""passed"": true}, ""directional_mean_ret"": {""value"": 0.337635596593221, ""threshold"": 0.0, ""passed"": true}, ""hurdle_excess"": {""value"": 0.3375441199181867, ""threshold"": 0.0, ""passed"": true}, ""min_support_actual"": {""value"": 720, ""threshold"": 50, ""passed"": true}, ""is_structurally_sound"": {""value"": false, ""passed"": false}, ""trade_path_quality_score"": {""value"": 1.1459161527454856e-10, ""threshold"": 0.0, ""passed"": true}}, ""failures"": [""structural_soundness_fail: ""], ""warnings"": [], ""classification"": ""research""}",0.0,0.0,0.5049171518320315,production,production,False,False,0.1
(*)|(loc_dist_ema20_atr_ts_top20==1)|(reg_atr_change_rate_ts_band30_70==1&reg_atr_change_rate_ts_top40==0&reg_atr_change_rate_ts_top60==0),*,loc_dist_ema20_atr_ts_top20==1,reg_atr_change_rate_ts_band30_70==1&reg_atr_change_rate_ts_top40==0&reg_atr_change_rate_ts_top60==0,-0.337635596593221,0.337635596593221,0.028606569252475813,0.2836647133032481,0.08449382716049382,0.022710788440713406,1.0,1.0,0.5266272189349113,720,,,0.000695550800190195,-0.009839387024319596,0.020666866495809785,0.021216146472509783,,0.6666666666666666,,,,0.04997099666805594,,0.18617709530631757,0.1196502910140574,0.23800953625546203,1.1459161527454856e-10,0.00063286777164906,0.01,0.01,0.01,0.01,0.011459161527454853,0.0037846639442761934,0.0037846639442761934,9.147667503429356e-05,-0.3377270732682553,3,1,1,4,4,stage_a_context,,short,4-way,True,,production,production,,,0.013841488289609924,0.751901234567901,primary_target,0,ranking,research,"{""checks"": {""n_folds"": {""value"": 3, ""threshold"": 3, ""passed"": true}, ""healthy_fold_count"": {""value"": 3, ""threshold"": 2, ""passed"": true}, ""healthy_fold_ratio"": {""value"": 1.0, ""threshold"": 0.6666666666666666, ""passed"": true}, ""presence_freq"": {""value"": 1.0, ""threshold"": 0.75, ""passed"": true}, ""directional_mean_ret"": {""value"": 0.337635596593221, ""threshold"": 0.0, ""passed"": true}, ""hurdle_excess"": {""value"": 0.3375441199181867, ""threshold"": 0.0, ""passed"": true}, ""min_support_actual"": {""value"": 720, ""threshold"": 50, ""passed"": true}, ""is_structurally_sound"": {""value"": false, ""passed"": false}, ""trade_path_quality_score"": {""value"": 1.1459161527454856e-10, ""threshold"": 0.0, ""passed"": true}}, ""failures"": [""structural_soundness_fail: ""], ""warnings"": [], ""classification"": ""research""}",0.0,0.0,0.4788859568590063,production,production,False,False,0.1
(*)|(loc_dist_ema20_atr_ts_top20==1)|(reg_atr_change_rate_ts_band25_75==1&reg_atr_change_rate_ts_top30==1&reg_atr_change_rate_ts_top40==0&reg_atr_change_rate_ts_top60==0&reg_atr_change_rate_ts_top70==0),*,loc_dist_ema20_atr_ts_top20==1,reg_atr_change_rate_ts_band25_75==1&reg_atr_change_rate_ts_top30==1&reg_atr_change_rate_ts_top40==0&reg_atr_change_rate_ts_top60==0&reg_atr_change_rate_ts_top70==0,-0.337635596593221,0.337635596593221,0.028606569252475813,0.2836647133032481,0.08449382716049382,0.022710788440713406,1.0,1.0,0.5266272189349113,720,,,0.000695550800190195,-0.009839387024319596,0.020666866495809785,0.021216146472509783,,0.6666666666666666,,,,0.04997099666805594,,0.18617709530631757,0.1196502910140574,0.23800953625546203,1.1459161527454856e-10,0.00063286777164906,0.01,0.01,0.01,0.01,0.011459161527454853,0.0037846639442761934,0.0037846639442761934,9.147667503429356e-05,-0.3377270732682553,3,1,1,6,6,stage_a_context,,short,6-way,True,,production,production,,,0.013841488289609924,0.751901234567901,primary_target,0,ranking,research,"{""checks"": {""n_folds"": {""value"": 3, ""threshold"": 3, ""passed"": true}, ""healthy_fold_count"": {""value"": 3, ""threshold"": 2, ""passed"": true}, ""healthy_fold_ratio"": {""value"": 1.0, ""threshold"": 0.6666666666666666, ""passed"": true}, ""presence_freq"": {""value"": 1.0, ""threshold"": 0.75, ""passed"": true}, ""directional_mean_ret"": {""value"": 0.337635596593221, ""threshold"": 0.0, ""passed"": true}, ""hurdle_excess"": {""value"": 0.3375441199181867, ""threshold"": 0.0, ""passed"": true}, ""min_support_actual"": {""value"": 720, ""threshold"": 50, ""passed"": true}, ""is_structurally_sound"": {""value"": false, ""passed"": false}, ""trade_path_quality_score"": {""value"": 1.1459161527454856e-10, ""threshold"": 0.0, ""passed"": true}}, ""failures"": [""structural_soundness_fail: ""], ""warnings"": [], ""classification"": ""research""}",0.0,0.0,0.46174685969233376,production,production,False,False,0.1
(*)|(loc_dist_ema20_atr_ts_top20==1&loc_dist_ema20_atr_ts_top80==0)|(reg_atr_change_rate_ts_band25_75==1&reg_atr_change_rate_ts_top30==1&reg_atr_change_rate_ts_top40==0&reg_atr_change_rate_ts_top50==0),*,loc_dist_ema20_atr_ts_top20==1&loc_dist_ema20_atr_ts_top80==0,reg_atr_change_rate_ts_band25_75==1&reg_atr_change_rate_ts_top30==1&reg_atr_change_rate_ts_top40==0&reg_atr_change_rate_ts_top50==0,-0.337635596593221,0.337635596593221,0.028606569252475813,0.2836647133032481,0.08449382716049382,0.022710788440713406,1.0,1.0,0.5266272189349113,720,,,0.000695550800190195,-0.009839387024319596,0.020666866495809785,0.021216146472509783,,0.6666666666666666,,,,0.04997099666805594,,0.18617709530631757,0.1196502910140574,0.23800953625546203,1.1459161527454856e-10,0.00063286777164906,0.01,0.01,0.01,0.01,0.011459161527454853,0.0037846639442761934,0.0037846639442761934,9.147667503429356e-05,-0.3377270732682553,3,1,1,6,6,stage_a_context,,short,6-way,True,,production,production,,,0.013841488289609924,0.751901234567901,primary_target,0,ranking,research,"{""checks"": {""n_folds"": {""value"": 3, ""threshold"": 3, ""passed"": true}, ""healthy_fold_count"": {""value"": 3, ""threshold"": 2, ""passed"": true}, ""healthy_fold_ratio"": {""value"": 1.0, ""threshold"": 0.6666666666666666, ""passed"": true}, ""presence_freq"": {""value"": 1.0, ""threshold"": 0.75, ""passed"": true}, ""directional_mean_ret"": {""value"": 0.337635596593221, ""threshold"": 0.0, ""passed"": true}, ""hurdle_excess"": {""value"": 0.3375441199181867, ""threshold"": 0.0, ""passed"": true}, ""min_support_actual"": {""value"": 720, ""threshold"": 50, ""passed"": true}, ""is_structurally_sound"": {""value"": false, ""passed"": false}, ""trade_path_quality_score"": {""value"": 1.1459161527454856e-10, ""threshold"": 0.0, ""passed"": true}}, ""failures"": [""structural_soundness_fail: ""], ""warnings"": [], ""classification"": ""research""}",0.0,0.0,0.6856979408106253,production,production,False,False,0.1
(*)|(loc_dist_ema20_atr_ts_top30==1&loc_dist_ema20_atr_ts_top40==0)|(reg_atr_change_rate_ts_top20==1&reg_atr_change_rate_ts_top70==0&reg_atr_compression_ratio_ts_band25_75==1),*,loc_dist_ema20_atr_ts_top30==1&loc_dist_ema20_atr_ts_top40==0,reg_atr_change_rate_ts_top20==1&reg_atr_change_rate_ts_top70==0&reg_atr_compression_ratio_ts_band25_75==1,-0.337635596593221,0.337635596593221,0.028606569252475813,0.2836647133032481,0.08449382716049382,0.022710788440713406,1.0,1.0,0.5266272189349113,720,,,0.000695550800190195,-0.009839387024319596,0.020666866495809785,0.021216146472509783,,0.6666666666666666,,,,0.04997099666805594,,0.18617709530631757,0.1196502910140574,0.23800953625546203,1.1459161527454856e-10,0.00063286777164906,0.01,0.01,0.01,0.01,0.011459161527454853,0.0037846639442761934,0.0037846639442761934,9.147667503429356e-05,-0.3377270732682553,3,1,1,5,5,stage_a_context,,short,5-way,True,,production,production,,,0.013841488289609924,0.751901234567901,primary_target,0,ranking,research,"{""checks"": {""n_folds"": {""value"": 3, ""threshold"": 3, ""passed"": true}, ""healthy_fold_count"": {""value"": 3, ""threshold"": 2, ""passed"": true}, ""healthy_fold_ratio"": {""value"": 1.0, ""threshold"": 0.6666666666666666, ""passed"": true}, ""presence_freq"": {""value"": 1.0, ""threshold"": 0.75, ""passed"": true}, ""directional_mean_ret"": {""value"": 0.337635596593221, ""threshold"": 0.0, ""passed"": true}, ""hurdle_excess"": {""value"": 0.3375441199181867, ""threshold"": 0.0, ""passed"": true}, ""min_support_actual"": {""value"": 720, ""threshold"": 50, ""passed"": true}, ""is_structurally_sound"": {""value"": false, ""passed"": false}, ""trade_path_quality_score"": {""value"": 1.1459161527454856e-10, ""threshold"": 0.0, ""passed"": true}}, ""failures"": [""structural_soundness_fail: ""], ""warnings"": [], ""classification"": ""research""}",0.0,0.0,0.3812226702098384,production,production,False,False,0.1
(*)|(loc_dist_ema20_atr_ts_top40==0&loc_dist_ema20_atr_ts_top60==0)|(reg_atr_change_rate_ts_band30_70==1&reg_atr_change_rate_ts_bot50==1&reg_atr_change_rate_ts_top20==1),*,loc_dist_ema20_atr_ts_top40==0&loc_dist_ema20_atr_ts_top60==0,reg_atr_change_rate_ts_band30_70==1&reg_atr_change_rate_ts_bot50==1&reg_atr_change_rate_ts_top20==1,-0.337635596593221,0.337635596593221,0.028606569252475813,0.2836647133032481,0.08449382716049382,0.022710788440713406,1.0,1.0,0.5266272189349113,720,,,0.000695550800190195,-0.009839387024319596,0.020666866495809785,0.021216146472509783,,0.6666666666666666,,,,0.04997099666805594,,0.18617709530631757,0.1196502910140574,0.23800953625546203,1.1459161527454856e-10,0.00063286777164906,0.01,0.01,0.01,0.01,0.011459161527454853,0.0037846639442761934,0.0037846639442761934,9.147667503429356e-05,-0.3377270732682553,3,1,1,5,5,stage_a_context,,short,5-way,True,,production,production,,,0.013841488289609924,0.751901234567901,primary_target,0,ranking,research,"{""checks"": {""n_folds"": {""value"": 3, ""threshold"": 3, ""passed"": true}, ""healthy_fold_count"": {""value"": 3, ""threshold"": 2, ""passed"": true}, ""healthy_fold_ratio"": {""value"": 1.0, ""threshold"": 0.6666666666666666, ""passed"": true}, ""presence_freq"": {""value"": 1.0, ""threshold"": 0.75, ""passed"": true}, ""directional_mean_ret"": {""value"": 0.337635596593221, ""threshold"": 0.0, ""passed"": true}, ""hurdle_excess"": {""value"": 0.3375441199181867, ""threshold"": 0.0, ""passed"": true}, ""min_support_actual"": {""value"": 720, ""threshold"": 50, ""passed"": true}, ""is_structurally_sound"": {""value"": false, ""passed"": false}, ""trade_path_quality_score"": {""value"": 1.1459161527454856e-10, ""threshold"": 0.0, ""passed"": true}}, ""failures"": [""structural_soundness_fail: ""], ""warnings"": [], ""classification"": ""research""}",0.0,0.0,0.7935111890877409,production,production,False,False,0.1
(*)|(loc_dist_ema20_atr_ts_top30==1)|(reg_atr_change_rate_ts_top20==1&reg_atr_change_rate_ts_top40==0&reg_atr_change_rate_ts_top70==0&reg_atr_compression_ratio_ts_band40_60==0),*,loc_dist_ema20_atr_ts_top30==1,reg_atr_change_rate_ts_top20==1&reg_atr_change_rate_ts_top40==0&reg_atr_change_rate_ts_top70==0&reg_atr_compression_ratio_ts_band40_60==0,-0.337635596593221,0.337635596593221,0.028606569252475813,0.2836647133032481,0.08449382716049382,0.022710788440713406,1.0,1.0,0.5266272189349113,720,,,0.000695550800190195,-0.009839387024319596,0.020666866495809785,0.021216146472509783,,0.6666666666666666,,,,0.04997099666805594,,0.18617709530631757,0.1196502910140574,0.23800953625546203,1.1459161527454856e-10,0.00063286777164906,0.01,0.01,0.01,0.01,0.011459161527454853,0.0037846639442761934,0.0037846639442761934,9.147667503429356e-05,-0.3377270732682553,3,1,1,5,5,stage_a_context,,short,5-way,True,,production,production,,,0.013841488289609924,0.751901234567901,primary_target,0,ranking,research,"{""checks"": {""n_folds"": {""value"": 3, ""threshold"": 3, ""passed"": true}, ""healthy_fold_count"": {""value"": 3, ""threshold"": 2, ""passed"": true}, ""healthy_fold_ratio"": {""value"": 1.0, ""threshold"": 0.6666666666666666, ""passed"": true}, ""presence_freq"": {""value"": 1.0, ""threshold"": 0.75, ""passed"": true}, ""directional_mean_ret"": {""value"": 0.337635596593221, ""threshold"": 0.0, ""passed"": true}, ""hurdle_excess"": {""value"": 0.3375441199181867, ""threshold"": 0.0, ""passed"": true}, ""min_support_actual"": {""value"": 720, ""threshold"": 50, ""passed"": true}, ""is_structurally_sound"": {""value"": false, ""passed"": false}, ""trade_path_quality_score"": {""value"": 1.1459161527454856e-10, ""threshold"": 0.0, ""passed"": true}}, ""failures"": [""structural_soundness_fail: ""], ""warnings"": [], ""classification"": ""research""}",0.0,0.0,0.34647551082416544,production,production,False,False,0.1
(*)|(loc_dist_ema20_atr_ts_top50==0)|(reg_atr_change_rate_ts_band30_70==1&reg_atr_change_rate_ts_top20==1&reg_atr_change_rate_ts_top40==0),*,loc_dist_ema20_atr_ts_top50==0,reg_atr_change_rate_ts_band30_70==1&reg_atr_change_rate_ts_top20==1&reg_atr_change_rate_ts_top40==0,-0.337635596593221,0.337635596593221,0.028606569252475813,0.2836647133032481,0.08449382716049382,0.022710788440713406,1.0,1.0,0.5266272189349113,720,,,0.000695550800190195,-0.009839387024319596,0.020666866495809785,0.021216146472509783,,0.6666666666666666,,,,0.04997099666805594,,0.18617709530631757,0.1196502910140574,0.23800953625546203,1.1459161527454856e-10,0.00063286777164906,0.01,0.01,0.01,0.01,0.011459161527454853,0.0037846639442761934,0.0037846639442761934,9.147667503429356e-05,-0.3377270732682553,3,1,1,4,4,stage_a_context,,short,4-way,True,,production,production,,,0.013841488289609924,0.751901234567901,primary_target,0,ranking,research,"{""checks"": {""n_folds"": {""value"": 3, ""threshold"": 3, ""passed"": true}, ""healthy_fold_count"": {""value"": 3, ""threshold"": 2, ""passed"": true}, ""healthy_fold_ratio"": {""value"": 1.0, ""threshold"": 0.6666666666666666, ""passed"": true}, ""presence_freq"": {""value"": 1.0, ""threshold"": 0.75, ""passed"": true}, ""directional_mean_ret"": {""value"": 0.337635596593221, ""threshold"": 0.0, ""passed"": true}, ""hurdle_excess"": {""value"": 0.3375441199181867, ""threshold"": 0.0, ""passed"": true}, ""min_support_actual"": {""value"": 720, ""threshold"": 50, ""passed"": true}, ""is_structurally_sound"": {""value"": false, ""passed"": false}, ""trade_path_quality_score"": {""value"": 1.1459161527454856e-10, ""threshold"": 0.0, ""passed"": true}}, ""failures"": [""structural_soundness_fail: ""], ""warnings"": [], ""classification"": ""research""}",0.0,0.0,0.7808534223894288,production,production,False,False,0.1
(*)|(loc_dist_ema20_atr_ts_top60==0)|(reg_atr_change_rate_ts_top20==1&reg_atr_change_rate_ts_top40==0&reg_atr_compression_ratio_ts_band30_70==1),*,loc_dist_ema20_atr_ts_top60==0,reg_atr_change_rate_ts_top20==1&reg_atr_change_rate_ts_top40==0&reg_atr_compression_ratio_ts_band30_70==1,-0.337635596593221,0.337635596593221,0.028606569252475813,0.2836647133032481,0.08449382716049382,0.022710788440713406,1.0,1.0,0.5266272189349113,720,,,0.000695550800190195,-0.009839387024319596,0.020666866495809785,0.021216146472509783,,0.6666666666666666,,,,0.04997099666805594,,0.18617709530631757,0.1196502910140574,0.23800953625546203,1.1459161527454856e-10,0.00063286777164906,0.01,0.01,0.01,0.01,0.011459161527454853,0.0037846639442761934,0.0037846639442761934,9.147667503429356e-05,-0.3377270732682553,3,1,1,4,4,stage_a_context,,short,4-way,True,,production,production,,,0.013841488289609924,0.751901234567901,primary_target,0,ranking,research,"{""checks"": {""n_folds"": {""value"": 3, ""threshold"": 3, ""passed"": true}, ""healthy_fold_count"": {""value"": 3, ""threshold"": 2, ""passed"": true}, ""healthy_fold_ratio"": {""value"": 1.0, ""threshold"": 0.6666666666666666, ""passed"": true}, ""presence_freq"": {""value"": 1.0, ""threshold"": 0.75, ""passed"": true}, ""directional_mean_ret"": {""value"": 0.337635596593221, ""threshold"": 0.0, ""passed"": true}, ""hurdle_excess"": {""value"": 0.3375441199181867, ""threshold"": 0.0, ""passed"": true}, ""min_support_actual"": {""value"": 720, ""threshold"": 50, ""passed"": true}, ""is_structurally_sound"": {""value"": false, ""passed"": false}, ""trade_path_quality_score"": {""value"": 1.1459161527454856e-10, ""threshold"": 0.0, ""passed"": true}}, ""failures"": [""structural_soundness_fail: ""], ""warnings"": [], ""classification"": ""research""}",0.0,0.0,0.7160235414701415,production,production,False,False,0.1
(*)|(loc_dist_ema20_atr_ts_top60==0)|(reg_atr_change_rate_ts_top20==1&reg_atr_change_rate_ts_top40==0&reg_atr_change_rate_ts_top50==0&reg_atr_compression_ratio_ts_band30_70==1),*,loc_dist_ema20_atr_ts_top60==0,reg_atr_change_rate_ts_top20==1&reg_atr_change_rate_ts_top40==0&reg_atr_change_rate_ts_top50==0&reg_atr_compression_ratio_ts_band30_70==1,-0.337635596593221,0.337635596593221,0.028606569252475813,0.2836647133032481,0.08449382716049382,0.022710788440713406,1.0,1.0,0.5266272189349113,720,,,0.000695550800190195,-0.009839387024319596,0.020666866495809785,0.021216146472509783,,0.6666666666666666,,,,0.04997099666805594,,0.18617709530631757,0.1196502910140574,0.23800953625546203,1.1459161527454856e-10,0.00063286777164906,0.01,0.01,0.01,0.01,0.011459161527454853,0.0037846639442761934,0.0037846639442761934,9.147667503429356e-05,-0.3377270732682553,3,1,1,5,5,stage_a_context,,short,5-way,True,,production,production,,,0.013841488289609924,0.751901234567901,primary_target,0,ranking,research,"{""checks"": {""n_folds"": {""value"": 3, ""threshold"": 3, ""passed"": true}, ""healthy_fold_count"": {""value"": 3, ""threshold"": 2, ""passed"": true}, ""healthy_fold_ratio"": {""value"": 1.0, ""threshold"": 0.6666666666666666, ""passed"": true}, ""presence_freq"": {""value"": 1.0, ""threshold"": 0.75, ""passed"": true}, ""directional_mean_ret"": {""value"": 0.337635596593221, ""threshold"": 0.0, ""passed"": true}, ""hurdle_excess"": {""value"": 0.3375441199181867, ""threshold"": 0.0, ""passed"": true}, ""min_support_actual"": {""value"": 720, ""threshold"": 50, ""passed"": true}, ""is_structurally_sound"": {""value"": false, ""passed"": false}, ""trade_path_quality_score"": {""value"": 1.1459161527454856e-10, ""threshold"": 0.0, ""passed"": true}}, ""failures"": [""structural_soundness_fail: ""], ""warnings"": [], ""classification"": ""research""}",0.0,0.0,0.7008931573977576,production,production,False,False,0.1
(*)|(loc_dist_ema20_atr_ts_top60==0)|(reg_atr_change_rate_ts_top20==1&reg_atr_change_rate_ts_top30==1&reg_atr_change_rate_ts_top40==0&reg_atr_change_rate_ts_top70==0),*,loc_dist_ema20_atr_ts_top60==0,reg_atr_change_rate_ts_top20==1&reg_atr_change_rate_ts_top30==1&reg_atr_change_rate_ts_top40==0&reg_atr_change_rate_ts_top70==0,-0.337635596593221,0.337635596593221,0.028606569252475813,0.2836647133032481,0.08449382716049382,0.022710788440713406,1.0,1.0,0.5266272189349113,720,,,0.000695550800190195,-0.009839387024319596,0.020666866495809785,0.021216146472509783,,0.6666666666666666,,,,0.04997099666805594,,0.18617709530631757,0.1196502910140574,0.23800953625546203,1.1459161527454856e-10,0.00063286777164906,0.01,0.01,0.01,0.01,0.011459161527454853,0.0037846639442761934,0.0037846639442761934,9.147667503429356e-05,-0.3377270732682553,3,1,1,5,5,stage_a_context,,short,5-way,True,,production,production,,,0.013841488289609924,0.751901234567901,primary_target,0,ranking,research,"{""checks"": {""n_folds"": {""value"": 3, ""threshold"": 3, ""passed"": true}, ""healthy_fold_count"": {""value"": 3, ""threshold"": 2, ""passed"": true}, ""healthy_fold_ratio"": {""value"": 1.0, ""threshold"": 0.6666666666666666, ""passed"": true}, ""presence_freq"": {""value"": 1.0, ""threshold"": 0.75, ""passed"": true}, ""directional_mean_ret"": {""value"": 0.337635596593221, ""threshold"": 0.0, ""passed"": true}, ""hurdle_excess"": {""value"": 0.3375441199181867, ""threshold"": 0.0, ""passed"": true}, ""min_support_actual"": {""value"": 720, ""threshold"": 50, ""passed"": true}, ""is_structurally_sound"": {""value"": false, ""passed"": false}, ""trade_path_quality_score"": {""value"": 1.1459161527454856e-10, ""threshold"": 0.0, ""passed"": true}}, ""failures"": [""structural_soundness_fail: ""], ""warnings"": [], ""classification"": ""research""}",0.0,0.0,0.821242802558678,production,production,False,False,0.1
(*)|(loc_dist_ema20_atr_ts_top60==0)|(reg_atr_change_rate_ts_top20==1&reg_atr_change_rate_ts_top30==1&reg_atr_change_rate_ts_top40==0&reg_atr_change_rate_ts_top50==0&reg_atr_change_rate_ts_top70==0),*,loc_dist_ema20_atr_ts_top60==0,reg_atr_change_rate_ts_top20==1&reg_atr_change_rate_ts_top30==1&reg_atr_change_rate_ts_top40==0&reg_atr_change_rate_ts_top50==0&reg_atr_change_rate_ts_top70==0,-0.337635596593221,0.337635596593221,0.028606569252475813,0.2836647133032481,0.08449382716049382,0.022710788440713406,1.0,1.0,0.5266272189349113,720,,,0.000695550800190195,-0.009839387024319596,0.020666866495809785,0.021216146472509783,,0.6666666666666666,,,,0.04997099666805594,,0.18617709530631757,0.1196502910140574,0.23800953625546203,1.1459161527454856e-10,0.00063286777164906,0.01,0.01,0.01,0.01,0.011459161527454853,0.0037846639442761934,0.0037846639442761934,9.147667503429356e-05,-0.3377270732682553,3,1,1,6,6,stage_a_context,,short,6-way,True,,production,production,,,0.013841488289609924,0.751901234567901,primary_target,0,ranking,research,"{""checks"": {""n_folds"": {""value"": 3, ""threshold"": 3, ""passed"": true}, ""healthy_fold_count"": {""value"": 3, ""threshold"": 2, ""passed"": true}, ""healthy_fold_ratio"": {""value"": 1.0, ""threshold"": 0.6666666666666666, ""passed"": true}, ""presence_freq"": {""value"": 1.0, ""threshold"": 0.75, ""passed"": true}, ""directional_mean_ret"": {""value"": 0.337635596593221, ""threshold"": 0.0, ""passed"": true}, ""hurdle_excess"": {""value"": 0.3375441199181867, ""threshold"": 0.0, ""passed"": true}, ""min_support_actual"": {""value"": 720, ""threshold"": 50, ""passed"": true}, ""is_structurally_sound"": {""value"": false, ""passed"": false}, ""trade_path_quality_score"": {""value"": 1.1459161527454856e-10, ""threshold"": 0.0, ""passed"": true}}, ""failures"": [""structural_soundness_fail: ""], ""warnings"": [], ""classification"": ""research""}",0.0,0.0,0.8144931989457711,production,production,False,False,0.1
(*)|(loc_dist_ema20_atr_ts_top60==0)|(reg_atr_change_rate_ts_bot50==1&reg_atr_change_rate_ts_top20==1&reg_atr_change_rate_ts_top30==1&reg_atr_change_rate_ts_top40==0),*,loc_dist_ema20_atr_ts_top60==0,reg_atr_change_rate_ts_bot50==1&reg_atr_change_rate_ts_top20==1&reg_atr_change_rate_ts_top30==1&reg_atr_change_rate_ts_top40==0,-0.337635596593221,0.337635596593221,0.028606569252475813,0.2836647133032481,0.08449382716049382,0.022710788440713406,1.0,1.0,0.5266272189349113,720,,,0.000695550800190195,-0.009839387024319596,0.020666866495809785,0.021216146472509783,,0.6666666666666666,,,,0.04997099666805594,,0.18617709530631757,0.1196502910140574,0.23800953625546203,1.1459161527454856e-10,0.00063286777164906,0.01,0.01,0.01,0.01,0.011459161527454853,0.0037846639442761934,0.0037846639442761934,9.147667503429356e-05,-0.3377270732682553,3,1,1,5,5,stage_a_context,,short,5-way,True,,production,production,,,0.013841488289609924,0.751901234567901,primary_target,0,ranking,research,"{""checks"": {""n_folds"": {""value"": 3, ""threshold"": 3, ""passed"": true}, ""healthy_fold_count"": {""value"": 3, ""threshold"": 2, ""passed"": true}, ""healthy_fold_ratio"": {""value"": 1.0, ""threshold"": 0.6666666666666666, ""passed"": true}, ""presence_freq"": {""value"": 1.0, ""threshold"": 0.75, ""passed"": true}, ""directional_mean_ret"": {""value"": 0.337635596593221, ""threshold"": 0.0, ""passed"": true}, ""hurdle_excess"": {""value"": 0.3375441199181867, ""threshold"": 0.0, ""passed"": true}, ""min_support_actual"": {""value"": 720, ""threshold"": 50, ""passed"": true}, ""is_structurally_sound"": {""value"": false, ""passed"": false}, ""trade_path_quality_score"": {""value"": 1.1459161527454856e-10, ""threshold"": 0.0, ""passed"": true}}, ""failures"": [""structural_soundness_fail: ""], ""warnings"": [], ""classification"": ""research""}",0.0,0.0,0.7018805823471231,production,production,False,False,0.1
(*)|(loc_dist_ema20_atr_ts_top60==0)|(reg_atr_change_rate_ts_band30_70==1&reg_atr_change_rate_ts_top20==1&reg_atr_change_rate_ts_top40==0),*,loc_dist_ema20_atr_ts_top60==0,reg_atr_change_rate_ts_band30_70==1&reg_atr_change_rate_ts_top20==1&reg_atr_change_rate_ts_top40==0,-0.337635596593221,0.337635596593221,0.028606569252475813,0.2836647133032481,0.08449382716049382,0.022710788440713406,1.0,1.0,0.5266272189349113,720,,,0.000695550800190195,-0.009839387024319596,0.020666866495809785,0.021216146472509783,,0.6666666666666666,,,,0.04997099666805594,,0.18617709530631757,0.1196502910140574,0.23800953625546203,1.1459161527454856e-10,0.00063286777164906,0.01,0.01,0.01,0.01,0.011459161527454853,0.0037846639442761934,0.0037846639442761934,9.147667503429356e-05,-0.3377270732682553,3,1,1,4,4,stage_a_context,,short,4-way,True,,production,production,,,0.013841488289609924,0.751901234567901,primary_target,0,ranking,research,"{""checks"": {""n_folds"": {""value"": 3, ""threshold"": 3, ""passed"": true}, ""healthy_fold_count"": {""value"": 3, ""threshold"": 2, ""passed"": true}, ""healthy_fold_ratio"": {""value"": 1.0, ""threshold"": 0.6666666666666666, ""passed"": true}, ""presence_freq"": {""value"": 1.0, ""threshold"": 0.75, ""passed"": true}, ""directional_mean_ret"": {""value"": 0.337635596593221, ""threshold"": 0.0, ""passed"": true}, ""hurdle_excess"": {""value"": 0.3375441199181867, ""threshold"": 0.0, ""passed"": true}, ""min_support_actual"": {""value"": 720, ""threshold"": 50, ""passed"": true}, ""is_structurally_sound"": {""value"": false, ""passed"": false}, ""trade_path_quality_score"": {""value"": 1.1459161527454856e-10, ""threshold"": 0.0, ""passed"": true}}, ""failures"": [""structural_soundness_fail: ""], ""warnings"": [], ""classification"": ""research""}",0.0,0.0,0.682117579051869,production,production,False,False,0.1
(*)|(loc_dist_ema20_atr_ts_top60==0)|(reg_atr_change_rate_ts_band30_70==1&reg_atr_change_rate_ts_top20==1&reg_atr_change_rate_ts_top40==0&reg_atr_change_rate_ts_top50==0),*,loc_dist_ema20_atr_ts_top60==0,reg_atr_change_rate_ts_band30_70==1&reg_atr_change_rate_ts_top20==1&reg_atr_change_rate_ts_top40==0&reg_atr_change_rate_ts_top50==0,-0.337635596593221,0.337635596593221,0.028606569252475813,0.2836647133032481,0.08449382716049382,0.022710788440713406,1.0,1.0,0.5266272189349113,720,,,0.000695550800190195,-0.009839387024319596,0.020666866495809785,0.021216146472509783,,0.6666666666666666,,,,0.04997099666805594,,0.18617709530631757,0.1196502910140574,0.23800953625546203,1.1459161527454856e-10,0.00063286777164906,0.01,0.01,0.01,0.01,0.011459161527454853,0.0037846639442761934,0.0037846639442761934,9.147667503429356e-05,-0.3377270732682553,3,1,1,5,5,stage_a_context,,short,5-way,True,,production,production,,,0.013841488289609924,0.751901234567901,primary_target,0,ranking,research,"{""checks"": {""n_folds"": {""value"": 3, ""threshold"": 3, ""passed"": true}, ""healthy_fold_count"": {""value"": 3, ""threshold"": 2, ""passed"": true}, ""healthy_fold_ratio"": {""value"": 1.0, ""threshold"": 0.6666666666666666, ""passed"": true}, ""presence_freq"": {""value"": 1.0, ""threshold"": 0.75, ""passed"": true}, ""directional_mean_ret"": {""value"": 0.337635596593221, ""threshold"": 0.0, ""passed"": true}, ""hurdle_excess"": {""value"": 0.3375441199181867, ""threshold"": 0.0, ""passed"": true}, ""min_support_actual"": {""value"": 720, ""threshold"": 50, ""passed"": true}, ""is_structurally_sound"": {""value"": false, ""passed"": false}, ""trade_path_quality_score"": {""value"": 1.1459161527454856e-10, ""threshold"": 0.0, ""passed"": true}}, ""failures"": [""structural_soundness_fail: ""], ""warnings"": [], ""classification"": ""research""}",0.0,0.0,0.9335006248657562,production,production,False,False,0.1
(*)|(loc_dist_ema20_atr_ts_top50==0)|(reg_atr_change_rate_ts_band30_70==1&reg_atr_change_rate_ts_top20==1&reg_atr_change_rate_ts_top40==0&reg_atr_change_rate_ts_top60==0),*,loc_dist_ema20_atr_ts_top50==0,reg_atr_change_rate_ts_band30_70==1&reg_atr_change_rate_ts_top20==1&reg_atr_change_rate_ts_top40==0&reg_atr_change_rate_ts_top60==0,-0.337635596593221,0.337635596593221,0.028606569252475813,0.2836647133032481,0.08449382716049382,0.022710788440713406,1.0,1.0,0.5266272189349113,720,,,0.000695550800190195,-0.009839387024319596,0.020666866495809785,0.021216146472509783,,0.6666666666666666,,,,0.04997099666805594,,0.18617709530631757,0.1196502910140574,0.23800953625546203,1.1459161527454856e-10,0.00063286777164906,0.01,0.01,0.01,0.01,0.011459161527454853,0.0037846639442761934,0.0037846639442761934,9.147667503429356e-05,-0.3377270732682553,3,1,1,5,5,stage_a_context,,short,5-way,True,,production,production,,,0.013841488289609924,0.751901234567901,primary_target,0,ranking,research,"{""checks"": {""n_folds"": {""value"": 3, ""threshold"": 3, ""passed"": true}, ""healthy_fold_count"": {""value"": 3, ""threshold"": 2, ""passed"": true}, ""healthy_fold_ratio"": {""value"": 1.0, ""threshold"": 0.6666666666666666, ""passed"": true}, ""presence_freq"": {""value"": 1.0, ""threshold"": 0.75, ""passed"": true}, ""directional_mean_ret"": {""value"": 0.337635596593221, ""threshold"": 0.0, ""passed"": true}, ""hurdle_excess"": {""value"": 0.3375441199181867, ""threshold"": 0.0, ""passed"": true}, ""min_support_actual"": {""value"": 720, ""threshold"": 50, ""passed"": true}, ""is_structurally_sound"": {""value"": false, ""passed"": false}, ""trade_path_quality_score"": {""value"": 1.1459161527454856e-10, ""threshold"": 0.0, ""passed"": true}}, ""failures"": [""structural_soundness_fail: ""], ""warnings"": [], ""classification"": ""research""}",0.0,0.0,0.7053595684620272,production,production,False,False,0.1
(*)|(loc_dist_ema20_atr_ts_top70==0)|(reg_atr_change_rate_ts_top20==1&reg_atr_change_rate_ts_top30==1&reg_atr_change_rate_ts_top40==0&reg_atr_change_rate_ts_top50==0),*,loc_dist_ema20_atr_ts_top70==0,reg_atr_change_rate_ts_top20==1&reg_atr_change_rate_ts_top30==1&reg_atr_change_rate_ts_top40==0&reg_atr_change_rate_ts_top50==0,-0.337635596593221,0.337635596593221,0.028606569252475813,0.2836647133032481,0.08449382716049382,0.022710788440713406,1.0,1.0,0.5266272189349113,720,,,0.000695550800190195,-0.009839387024319596,0.020666866495809785,0.021216146472509783,,0.6666666666666666,,,,0.04997099666805594,,0.18617709530631757,0.1196502910140574,0.23800953625546203,1.1459161527454856e-10,0.00063286777164906,0.01,0.01,0.01,0.01,0.011459161527454853,0.0037846639442761934,0.0037846639442761934,9.147667503429356e-05,-0.3377270732682553,3,1,1,5,5,stage_a_context,,short,5-way,True,,production,production,,,0.013841488289609924,0.751901234567901,primary_target,0,ranking,research,"{""checks"": {""n_folds"": {""value"": 3, ""threshold"": 3, ""passed"": true}, ""healthy_fold_count"": {""value"": 3, ""threshold"": 2, ""passed"": true}, ""healthy_fold_ratio"": {""value"": 1.0, ""threshold"": 0.6666666666666666, ""passed"": true}, ""presence_freq"": {""value"": 1.0, ""threshold"": 0.75, ""passed"": true}, ""directional_mean_ret"": {""value"": 0.337635596593221, ""threshold"": 0.0, ""passed"": true}, ""hurdle_excess"": {""value"": 0.3375441199181867, ""threshold"": 0.0, ""passed"": true}, ""min_support_actual"": {""value"": 720, ""threshold"": 50, ""passed"": true}, ""is_structurally_sound"": {""value"": false, ""passed"": false}, ""trade_path_quality_score"": {""value"": 1.1459161527454856e-10, ""threshold"": 0.0, ""passed"": true}}, ""failures"": [""structural_soundness_fail: ""], ""warnings"": [], ""classification"": ""research""}",0.0,0.0,0.7627073583858341,production,production,False,False,0.1
(*)|(loc_dist_ema20_atr_ts_top50==0)|(reg_atr_change_rate_ts_band25_75==1&reg_atr_change_rate_ts_top20==1&reg_atr_change_rate_ts_top30==1&reg_atr_change_rate_ts_top40==0&reg_atr_change_rate_ts_top60==0),*,loc_dist_ema20_atr_ts_top50==0,reg_atr_change_rate_ts_band25_75==1&reg_atr_change_rate_ts_top20==1&reg_atr_change_rate_ts_top30==1&reg_atr_change_rate_ts_top40==0&reg_atr_change_rate_ts_top60==0,-0.337635596593221,0.337635596593221,0.028606569252475813,0.2836647133032481,0.08449382716049382,0.022710788440713406,1.0,1.0,0.5266272189349113,720,,,0.000695550800190195,-0.009839387024319596,0.020666866495809785,0.021216146472509783,,0.6666666666666666,,,,0.04997099666805594,,0.18617709530631757,0.1196502910140574,0.23800953625546203,1.1459161527454856e-10,0.00063286777164906,0.01,0.01,0.01,0.01,0.011459161527454853,0.0037846639442761934,0.0037846639442761934,9.147667503429356e-05,-0.3377270732682553,3,1,1,6,6,stage_a_context,,short,6-way,True,,production,production,,,0.013841488289609924,0.751901234567901,primary_target,0,ranking,research,"{""checks"": {""n_folds"": {""value"": 3, ""threshold"": 3, ""passed"": true}, ""healthy_fold_count"": {""value"": 3, ""threshold"": 2, ""passed"": true}, ""healthy_fold_ratio"": {""value"": 1.0, ""threshold"": 0.6666666666666666, ""passed"": true}, ""presence_freq"": {""value"": 1.0, ""threshold"": 0.75, ""passed"": true}, ""directional_mean_ret"": {""value"": 0.337635596593221, ""threshold"": 0.0, ""passed"": true}, ""hurdle_excess"": {""value"": 0.3375441199181867, ""threshold"": 0.0, ""passed"": true}, ""min_support_actual"": {""value"": 720, ""threshold"": 50, ""passed"": true}, ""is_structurally_sound"": {""value"": false, ""passed"": false}, ""trade_path_quality_score"": {""value"": 1.1459161527454856e-10, ""threshold"": 0.0, ""passed"": true}}, ""failures"": [""structural_soundness_fail: ""], ""warnings"": [], ""classification"": ""research""}",0.0,0.0,0.21043205080924435,production,production,False,False,0.1
(*)|(loc_dist_ema20_atr_ts_top40==0)|(reg_atr_change_rate_ts_top20==1&reg_atr_change_rate_ts_top30==1&reg_atr_change_rate_ts_top50==0&reg_atr_change_rate_ts_top60==0),*,loc_dist_ema20_atr_ts_top40==0,reg_atr_change_rate_ts_top20==1&reg_atr_change_rate_ts_top30==1&reg_atr_change_rate_ts_top50==0&reg_atr_change_rate_ts_top60==0,-0.337635596593221,0.337635596593221,0.028606569252475813,0.2836647133032481,0.08449382716049382,0.022710788440713406,1.0,1.0,0.5266272189349113,720,,,0.000695550800190195,-0.009839387024319596,0.020666866495809785,0.021216146472509783,,0.6666666666666666,,,,0.04997099666805594,,0.18617709530631757,0.1196502910140574,0.23800953625546203,1.1459161527454856e-10,0.00063286777164906,0.01,0.01,0.01,0.01,0.011459161527454853,0.0037846639442761934,0.0037846639442761934,9.147667503429356e-05,-0.3377270732682553,3,1,1,5,5,stage_a_context,,short,5-way,True,,production,production,,,0.013841488289609924,0.751901234567901,primary_target,0,ranking,research,"{""checks"": {""n_folds"": {""value"": 3, ""threshold"": 3, ""passed"": true}, ""healthy_fold_count"": {""value"": 3, ""threshold"": 2, ""passed"": true}, ""healthy_fold_ratio"": {""value"": 1.0, ""threshold"": 0.6666666666666666, ""passed"": true}, ""presence_freq"": {""value"": 1.0, ""threshold"": 0.75, ""passed"": true}, ""directional_mean_ret"": {""value"": 0.337635596593221, ""threshold"": 0.0, ""passed"": true}, ""hurdle_excess"": {""value"": 0.3375441199181867, ""threshold"": 0.0, ""passed"": true}, ""min_support_actual"": {""value"": 720, ""threshold"": 50, ""passed"": true}, ""is_structurally_sound"": {""value"": false, ""passed"": false}, ""trade_path_quality_score"": {""value"": 1.1459161527454856e-10, ""threshold"": 0.0, ""passed"": true}}, ""failures"": [""structural_soundness_fail: ""], ""warnings"": [], ""classification"": ""research""}",0.0,0.0,0.7003188437576281,production,production,False,False,0.1
(*)|(loc_dist_ema20_atr_ts_top40==0)|(reg_atr_change_rate_ts_bot30==0&reg_atr_change_rate_ts_top20==1&reg_atr_change_rate_ts_top50==0&reg_atr_change_rate_ts_top60==0),*,loc_dist_ema20_atr_ts_top40==0,reg_atr_change_rate_ts_bot30==0&reg_atr_change_rate_ts_top20==1&reg_atr_change_rate_ts_top50==0&reg_atr_change_rate_ts_top60==0,-0.337635596593221,0.337635596593221,0.028606569252475813,0.2836647133032481,0.08449382716049382,0.022710788440713406,1.0,1.0,0.5266272189349113,720,,,0.000695550800190195,-0.009839387024319596,0.020666866495809785,0.021216146472509783,,0.6666666666666666,,,,0.04997099666805594,,0.18617709530631757,0.1196502910140574,0.23800953625546203,1.1459161527454856e-10,0.00063286777164906,0.01,0.01,0.01,0.01,0.011459161527454853,0.0037846639442761934,0.0037846639442761934,9.147667503429356e-05,-0.3377270732682553,3,1,1,5,5,stage_a_context,,short,5-way,True,,production,production,,,0.013841488289609924,0.751901234567901,primary_target,0,ranking,research,"{""checks"": {""n_folds"": {""value"": 3, ""threshold"": 3, ""passed"": true}, ""healthy_fold_count"": {""value"": 3, ""threshold"": 2, ""passed"": true}, ""healthy_fold_ratio"": {""value"": 1.0, ""threshold"": 0.6666666666666666, ""passed"": true}, ""presence_freq"": {""value"": 1.0, ""threshold"": 0.75, ""passed"": true}, ""directional_mean_ret"": {""value"": 0.337635596593221, ""threshold"": 0.0, ""passed"": true}, ""hurdle_excess"": {""value"": 0.3375441199181867, ""threshold"": 0.0, ""passed"": true}, ""min_support_actual"": {""value"": 720, ""threshold"": 50, ""passed"": true}, ""is_structurally_sound"": {""value"": false, ""passed"": false}, ""trade_path_quality_score"": {""value"": 1.1459161527454856e-10, ""threshold"": 0.0, ""passed"": true}}, ""failures"": [""structural_soundness_fail: ""], ""warnings"": [], ""classification"": ""research""}",0.0,0.0,0.6008824465322915,production,production,False,False,0.1
(*)|(loc_dist_ema20_atr_ts_top40==0)|(reg_atr_change_rate_ts_band30_70==1&reg_atr_change_rate_ts_top20==1&reg_atr_change_rate_ts_top50==0),*,loc_dist_ema20_atr_ts_top40==0,reg_atr_change_rate_ts_band30_70==1&reg_atr_change_rate_ts_top20==1&reg_atr_change_rate_ts_top50==0,-0.337635596593221,0.337635596593221,0.028606569252475813,0.2836647133032481,0.08449382716049382,0.022710788440713406,1.0,1.0,0.5266272189349113,720,,,0.000695550800190195,-0.009839387024319596,0.020666866495809785,0.021216146472509783,,0.6666666666666666,,,,0.04997099666805594,,0.18617709530631757,0.1196502910140574,0.23800953625546203,1.1459161527454856e-10,0.00063286777164906,0.01,0.01,0.01,0.01,0.011459161527454853,0.0037846639442761934,0.0037846639442761934,9.147667503429356e-05,-0.3377270732682553,3,1,1,4,4,stage_a_context,,short,4-way,True,,production,production,,,0.013841488289609924,0.751901234567901,primary_target,0,ranking,research,"{""checks"": {""n_folds"": {""value"": 3, ""threshold"": 3, ""passed"": true}, ""healthy_fold_count"": {""value"": 3, ""threshold"": 2, ""passed"": true}, ""healthy_fold_ratio"": {""value"": 1.0, ""threshold"": 0.6666666666666666, ""passed"": true}, ""presence_freq"": {""value"": 1.0, ""threshold"": 0.75, ""passed"": true}, ""directional_mean_ret"": {""value"": 0.337635596593221, ""threshold"": 0.0, ""passed"": true}, ""hurdle_excess"": {""value"": 0.3375441199181867, ""threshold"": 0.0, ""passed"": true}, ""min_support_actual"": {""value"": 720, ""threshold"": 50, ""passed"": true}, ""is_structurally_sound"": {""value"": false, ""passed"": false}, ""trade_path_quality_score"": {""value"": 1.1459161527454856e-10, ""threshold"": 0.0, ""passed"": true}}, ""failures"": [""structural_soundness_fail: ""], ""warnings"": [], ""classification"": ""research""}",0.0,0.0,0.6715547748258819,production,production,False,False,0.1
(*)|(loc_dist_ema20_atr_ts_top40==0)|(reg_atr_change_rate_ts_band30_70==1&reg_atr_change_rate_ts_band40_60==0&reg_atr_change_rate_ts_top20==1),*,loc_dist_ema20_atr_ts_top40==0,reg_atr_change_rate_ts_band30_70==1&reg_atr_change_rate_ts_band40_60==0&reg_atr_change_rate_ts_top20==1,-0.337635596593221,0.337635596593221,0.028606569252475813,0.2836647133032481,0.08449382716049382,0.022710788440713406,1.0,1.0,0.5266272189349113,720,,,0.000695550800190195,-0.009839387024319596,0.020666866495809785,0.021216146472509783,,0.6666666666666666,,,,0.04997099666805594,,0.18617709530631757,0.1196502910140574,0.23800953625546203,1.1459161527454856e-10,0.00063286777164906,0.01,0.01,0.01,0.01,0.011459161527454853,0.0037846639442761934,0.0037846639442761934,9.147667503429356e-05,-0.3377270732682553,3,1,1,4,4,stage_a_context,,short,4-way,True,,production,production,,,0.013841488289609924,0.751901234567901,primary_target,0,ranking,research,"{""checks"": {""n_folds"": {""value"": 3, ""threshold"": 3, ""passed"": true}, ""healthy_fold_count"": {""value"": 3, ""threshold"": 2, ""passed"": true}, ""healthy_fold_ratio"": {""value"": 1.0, ""threshold"": 0.6666666666666666, ""passed"": true}, ""presence_freq"": {""value"": 1.0, ""threshold"": 0.75, ""passed"": true}, ""directional_mean_ret"": {""value"": 0.337635596593221, ""threshold"": 0.0, ""passed"": true}, ""hurdle_excess"": {""value"": 0.3375441199181867, ""threshold"": 0.0, ""passed"": true}, ""min_support_actual"": {""value"": 720, ""threshold"": 50, ""passed"": true}, ""is_structurally_sound"": {""value"": false, ""passed"": false}, ""trade_path_quality_score"": {""value"": 1.1459161527454856e-10, ""threshold"": 0.0, ""passed"": true}}, ""failures"": [""structural_soundness_fail: ""], ""warnings"": [], ""classification"": ""research""}",0.0,0.0,0.6117216566534375,production,production,False,False,0.1
(*)|(loc_dist_ema20_atr_ts_top40==0)|(reg_atr_change_rate_ts_band25_75==1&reg_atr_change_rate_ts_top20==1&reg_atr_change_rate_ts_top30==1&reg_atr_change_rate_ts_top50==0&reg_atr_change_rate_ts_top70==0),*,loc_dist_ema20_atr_ts_top40==0,reg_atr_change_rate_ts_band25_75==1&reg_atr_change_rate_ts_top20==1&reg_atr_change_rate_ts_top30==1&reg_atr_change_rate_ts_top50==0&reg_atr_change_rate_ts_top70==0,-0.337635596593221,0.337635596593221,0.028606569252475813,0.2836647133032481,0.08449382716049382,0.022710788440713406,1.0,1.0,0.5266272189349113,720,,,0.000695550800190195,-0.009839387024319596,0.020666866495809785,0.021216146472509783,,0.6666666666666666,,,,0.04997099666805594,,0.18617709530631757,0.1196502910140574,0.23800953625546203,1.1459161527454856e-10,0.00063286777164906,0.01,0.01,0.01,0.01,0.011459161527454853,0.0037846639442761934,0.0037846639442761934,9.147667503429356e-05,-0.3377270732682553,3,1,1,6,6,stage_a_context,,short,6-way,True,,production,production,,,0.013841488289609924,0.751901234567901,primary_target,0,ranking,research,"{""checks"": {""n_folds"": {""value"": 3, ""threshold"": 3, ""passed"": true}, ""healthy_fold_count"": {""value"": 3, ""threshold"": 2, ""passed"": true}, ""healthy_fold_ratio"": {""value"": 1.0, ""threshold"": 0.6666666666666666, ""passed"": true}, ""presence_freq"": {""value"": 1.0, ""threshold"": 0.75, ""passed"": true}, ""directional_mean_ret"": {""value"": 0.337635596593221, ""threshold"": 0.0, ""passed"": true}, ""hurdle_excess"": {""value"": 0.3375441199181867, ""threshold"": 0.0, ""passed"": true}, ""min_support_actual"": {""value"": 720, ""threshold"": 50, ""passed"": true}, ""is_structurally_sound"": {""value"": false, ""passed"": false}, ""trade_path_quality_score"": {""value"": 1.1459161527454856e-10, ""threshold"": 0.0, ""passed"": true}}, ""failures"": [""structural_soundness_fail: ""], ""warnings"": [], ""classification"": ""research""}",0.0,0.0,0.6977112745848371,production,production,False,False,0.1
(*)|(loc_dist_ema20_atr_ts_top40==0&loc_dist_ema20_atr_ts_top80==0)|(reg_atr_change_rate_ts_bot50==1&reg_atr_change_rate_ts_top20==1&reg_atr_change_rate_ts_top30==1),*,loc_dist_ema20_atr_ts_top40==0&loc_dist_ema20_atr_ts_top80==0,reg_atr_change_rate_ts_bot50==1&reg_atr_change_rate_ts_top20==1&reg_atr_change_rate_ts_top30==1,-0.337635596593221,0.337635596593221,0.028606569252475813,0.2836647133032481,0.08449382716049382,0.022710788440713406,1.0,1.0,0.5266272189349113,720,,,0.000695550800190195,-0.009839387024319596,0.020666866495809785,0.021216146472509783,,0.6666666666666666,,,,0.04997099666805594,,0.18617709530631757,0.1196502910140574,0.23800953625546203,1.1459161527454856e-10,0.00063286777164906,0.01,0.01,0.01,0.01,0.011459161527454853,0.0037846639442761934,0.0037846639442761934,9.147667503429356e-05,-0.3377270732682553,3,1,1,5,5,stage_a_context,,short,5-way,True,,production,production,,,0.013841488289609924,0.751901234567901,primary_target,0,ranking,research,"{""checks"": {""n_folds"": {""value"": 3, ""threshold"": 3, ""passed"": true}, ""healthy_fold_count"": {""value"": 3, ""threshold"": 2, ""passed"": true}, ""healthy_fold_ratio"": {""value"": 1.0, ""threshold"": 0.6666666666666666, ""passed"": true}, ""presence_freq"": {""value"": 1.0, ""threshold"": 0.75, ""passed"": true}, ""directional_mean_ret"": {""value"": 0.337635596593221, ""threshold"": 0.0, ""passed"": true}, ""hurdle_excess"": {""value"": 0.3375441199181867, ""threshold"": 0.0, ""passed"": true}, ""min_support_actual"": {""value"": 720, ""threshold"": 50, ""passed"": true}, ""is_structurally_sound"": {""value"": false, ""passed"": false}, ""trade_path_quality_score"": {""value"": 1.1459161527454856e-10, ""threshold"": 0.0, ""passed"": true}}, ""failures"": [""structural_soundness_fail: ""], ""warnings"": [], ""classification"": ""research""}",0.0,0.0,0.7710540495778571,production,production,False,False,0.1
(*)|(loc_dist_ema20_atr_ts_top20==1&loc_dist_ema20_atr_ts_top80==0)|(reg_atr_change_rate_ts_band25_75==1&reg_atr_change_rate_ts_band40_60==0&reg_atr_change_rate_ts_top30==1&reg_atr_change_rate_ts_top40==0),*,loc_dist_ema20_atr_ts_top20==1&loc_dist_ema20_atr_ts_top80==0,reg_atr_change_rate_ts_band25_75==1&reg_atr_change_rate_ts_band40_60==0&reg_atr_change_rate_ts_top30==1&reg_atr_change_rate_ts_top40==0,-0.337635596593221,0.337635596593221,0.028606569252475813,0.2836647133032481,0.08449382716049382,0.022710788440713406,1.0,1.0,0.5266272189349113,720,,,0.000695550800190195,-0.009839387024319596,0.020666866495809785,0.021216146472509783,,0.6666666666666666,,,,0.04997099666805594,,0.18617709530631757,0.1196502910140574,0.23800953625546203,1.1459161527454856e-10,0.00063286777164906,0.01,0.01,0.01,0.01,0.011459161527454853,0.0037846639442761934,0.0037846639442761934,9.147667503429356e-05,-0.3377270732682553,3,1,1,6,6,stage_a_context,,short,6-way,True,,production,production,,,0.013841488289609924,0.751901234567901,primary_target,0,ranking,research,"{""checks"": {""n_folds"": {""value"": 3, ""threshold"": 3, ""passed"": true}, ""healthy_fold_count"": {""value"": 3, ""threshold"": 2, ""passed"": true}, ""healthy_fold_ratio"": {""value"": 1.0, ""threshold"": 0.6666666666666666, ""passed"": true}, ""presence_freq"": {""value"": 1.0, ""threshold"": 0.75, ""passed"": true}, ""directional_mean_ret"": {""value"": 0.337635596593221, ""threshold"": 0.0, ""passed"": true}, ""hurdle_excess"": {""value"": 0.3375441199181867, ""threshold"": 0.0, ""passed"": true}, ""min_support_actual"": {""value"": 720, ""threshold"": 50, ""passed"": true}, ""is_structurally_sound"": {""value"": false, ""passed"": false}, ""trade_path_quality_score"": {""value"": 1.1459161527454856e-10, ""threshold"": 0.0, ""passed"": true}}, ""failures"": [""structural_soundness_fail: ""], ""warnings"": [], ""classification"": ""research""}",0.0,0.0,0.4584454466988965,production,production,False,False,0.1
(*)|(loc_dist_ema20_atr_ts_top60==0)|(reg_atr_change_rate_ts_bot30==0&reg_atr_change_rate_ts_top20==1&reg_atr_change_rate_ts_top40==0&reg_atr_change_rate_ts_top50==0),*,loc_dist_ema20_atr_ts_top60==0,reg_atr_change_rate_ts_bot30==0&reg_atr_change_rate_ts_top20==1&reg_atr_change_rate_ts_top40==0&reg_atr_change_rate_ts_top50==0,-0.337635596593221,0.337635596593221,0.028606569252475813,0.2836647133032481,0.08449382716049382,0.022710788440713406,1.0,1.0,0.5266272189349113,720,,,0.000695550800190195,-0.009839387024319596,0.020666866495809785,0.021216146472509783,,0.6666666666666666,,,,0.04997099666805594,,0.18617709530631757,0.1196502910140574,0.23800953625546203,1.1459161527454856e-10,0.00063286777164906,0.01,0.01,0.01,0.01,0.011459161527454853,0.0037846639442761934,0.0037846639442761934,9.147667503429356e-05,-0.3377270732682553,3,1,1,5,5,stage_a_context,,short,5-way,True,,production,production,,,0.013841488289609924,0.751901234567901,primary_target,0,ranking,research,"{""checks"": {""n_folds"": {""value"": 3, ""threshold"": 3, ""passed"": true}, ""healthy_fold_count"": {""value"": 3, ""threshold"": 2, ""passed"": true}, ""healthy_fold_ratio"": {""value"": 1.0, ""threshold"": 0.6666666666666666, ""passed"": true}, ""presence_freq"": {""value"": 1.0, ""threshold"": 0.75, ""passed"": true}, ""directional_mean_ret"": {""value"": 0.337635596593221, ""threshold"": 0.0, ""passed"": true}, ""hurdle_excess"": {""value"": 0.3375441199181867, ""threshold"": 0.0, ""passed"": true}, ""min_support_actual"": {""value"": 720, ""threshold"": 50, ""passed"": true}, ""is_structurally_sound"": {""value"": false, ""passed"": false}, ""trade_path_quality_score"": {""value"": 1.1459161527454856e-10, ""threshold"": 0.0, ""passed"": true}}, ""failures"": [""structural_soundness_fail: ""], ""warnings"": [], ""classification"": ""research""}",0.0,0.0,0.9293268899724881,production,production,False,False,0.1
(*)|(loc_dist_ema20_atr_ts_top20==1&loc_dist_ema20_atr_ts_top50==0)|(reg_atr_change_rate_ts_top30==1&reg_atr_change_rate_ts_top40==0&reg_atr_change_rate_ts_top70==0),*,loc_dist_ema20_atr_ts_top20==1&loc_dist_ema20_atr_ts_top50==0,reg_atr_change_rate_ts_top30==1&reg_atr_change_rate_ts_top40==0&reg_atr_change_rate_ts_top70==0,-0.337635596593221,0.337635596593221,0.028606569252475813,0.2836647133032481,0.08449382716049382,0.022710788440713406,1.0,1.0,0.5266272189349113,720,,,0.000695550800190195,-0.009839387024319596,0.020666866495809785,0.021216146472509783,,0.6666666666666666,,,,0.04997099666805594,,0.18617709530631757,0.1196502910140574,0.23800953625546203,1.1459161527454856e-10,0.00063286777164906,0.01,0.01,0.01,0.01,0.011459161527454853,0.0037846639442761934,0.0037846639442761934,9.147667503429356e-05,-0.3377270732682553,3,1,1,5,5,stage_a_context,,short,5-way,True,,production,production,,,0.013841488289609924,0.751901234567901,primary_target,0,ranking,research,"{""checks"": {""n_folds"": {""value"": 3, ""threshold"": 3, ""passed"": true}, ""healthy_fold_count"": {""value"": 3, ""threshold"": 2, ""passed"": true}, ""healthy_fold_ratio"": {""value"": 1.0, ""threshold"": 0.6666666666666666, ""passed"": true}, ""presence_freq"": {""value"": 1.0, ""threshold"": 0.75, ""passed"": true}, ""directional_mean_ret"": {""value"": 0.337635596593221, ""threshold"": 0.0, ""passed"": true}, ""hurdle_excess"": {""value"": 0.3375441199181867, ""threshold"": 0.0, ""passed"": true}, ""min_support_actual"": {""value"": 720, ""threshold"": 50, ""passed"": true}, ""is_structurally_sound"": {""value"": false, ""passed"": false}, ""trade_path_quality_score"": {""value"": 1.1459161527454856e-10, ""threshold"": 0.0, ""passed"": true}}, ""failures"": [""structural_soundness_fail: ""], ""warnings"": [], ""classification"": ""research""}",0.0,0.0,0.690809145111779,production,production,False,False,0.1
(*)|(*)|(reg_atr_change_rate_ts_top20==1&reg_atr_change_rate_ts_top30==1&reg_atr_change_rate_ts_top40==0&reg_atr_change_rate_ts_top50==0&reg_atr_change_rate_ts_top70==0),*,*,reg_atr_change_rate_ts_top20==1&reg_atr_change_rate_ts_top30==1&reg_atr_change_rate_ts_top40==0&reg_atr_change_rate_ts_top50==0&reg_atr_change_rate_ts_top70==0,-0.337635596593221,0.337635596593221,0.028606569252475813,0.2836647133032481,0.08449382716049382,0.022710788440713406,1.0,1.0,0.5266272189349113,720,,,0.000695550800190195,-0.009839387024319596,0.020666866495809785,0.021216146472509783,,0.6666666666666666,,,,0.04997099666805594,,0.18617709530631757,0.1196502910140574,0.23800953625546203,1.1459161527454856e-10,0.00063286777164906,0.01,0.01,0.01,0.01,0.011459161527454853,0.0037846639442761934,0.0037846639442761934,9.147667503429356e-05,-0.3377270732682553,3,1,1,5,5,stage_a_context,,short,5-way,True,,production,production,,,0.013841488289609924,0.751901234567901,primary_target,0,ranking,research,"{""checks"": {""n_folds"": {""value"": 3, ""threshold"": 3, ""passed"": true}, ""healthy_fold_count"": {""value"": 3, ""threshold"": 2, ""passed"": true}, ""healthy_fold_ratio"": {""value"": 1.0, ""threshold"": 0.6666666666666666, ""passed"": true}, ""presence_freq"": {""value"": 1.0, ""threshold"": 0.75, ""passed"": true}, ""directional_mean_ret"": {""value"": 0.337635596593221, ""threshold"": 0.0, ""passed"": true}, ""hurdle_excess"": {""value"": 0.3375441199181867, ""threshold"": 0.0, ""passed"": true}, ""min_support_actual"": {""value"": 720, ""threshold"": 50, ""passed"": true}, ""is_structurally_sound"": {""value"": false, ""passed"": false}, ""trade_path_quality_score"": {""value"": 1.1459161527454856e-10, ""threshold"": 0.0, ""passed"": true}}, ""failures"": [""structural_soundness_fail: ""], ""warnings"": [], ""classification"": ""research""}",0.0,0.0,0.7680488648559095,production,production,False,False,0.1
(*)|(loc_dist_ema20_atr_ts_band30_70==1&loc_dist_ema20_atr_ts_top50==0)|(reg_atr_change_rate_ts_top20==1&reg_atr_change_rate_ts_top40==0&reg_atr_change_rate_ts_top60==0),*,loc_dist_ema20_atr_ts_band30_70==1&loc_dist_ema20_atr_ts_top50==0,reg_atr_change_rate_ts_top20==1&reg_atr_change_rate_ts_top40==0&reg_atr_change_rate_ts_top60==0,-0.337635596593221,0.337635596593221,0.028606569252475813,0.2836647133032481,0.08449382716049382,0.022710788440713406,1.0,1.0,0.5266272189349113,720,,,0.000695550800190195,-0.009839387024319596,0.020666866495809785,0.021216146472509783,,0.6666666666666666,,,,0.04997099666805594,,0.18617709530631757,0.1196502910140574,0.23800953625546203,1.1459161527454856e-10,0.00063286777164906,0.01,0.01,0.01,0.01,0.011459161527454853,0.0037846639442761934,0.0037846639442761934,9.147667503429356e-05,-0.3377270732682553,3,1,1,5,5,stage_a_context,,short,5-way,True,,production,production,,,0.013841488289609924,0.751901234567901,primary_target,0,ranking,research,"{""checks"": {""n_folds"": {""value"": 3, ""threshold"": 3, ""passed"": true}, ""healthy_fold_count"": {""value"": 3, ""threshold"": 2, ""passed"": true}, ""healthy_fold_ratio"": {""value"": 1.0, ""threshold"": 0.6666666666666666, ""passed"": true}, ""presence_freq"": {""value"": 1.0, ""threshold"": 0.75, ""passed"": true}, ""directional_mean_ret"": {""value"": 0.337635596593221, ""threshold"": 0.0, ""passed"": true}, ""hurdle_excess"": {""value"": 0.3375441199181867, ""threshold"": 0.0, ""passed"": true}, ""min_support_actual"": {""value"": 720, ""threshold"": 50, ""passed"": true}, ""is_structurally_sound"": {""value"": false, ""passed"": false}, ""trade_path_quality_score"": {""value"": 1.1459161527454856e-10, ""threshold"": 0.0, ""passed"": true}}, ""failures"": [""structural_soundness_fail: ""], ""warnings"": [], ""classification"": ""research""}",0.0,0.0,0.5657709140567815,production,production,False,False,0.1
(*)|(loc_dist_ema20_atr_ts_band30_70==1&loc_dist_ema20_atr_ts_top40==0&loc_dist_ema20_atr_ts_top60==0)|(reg_atr_change_rate_ts_top20==1&reg_atr_change_rate_ts_top50==0),*,loc_dist_ema20_atr_ts_band30_70==1&loc_dist_ema20_atr_ts_top40==0&loc_dist_ema20_atr_ts_top60==0,reg_atr_change_rate_ts_top20==1&reg_atr_change_rate_ts_top50==0,-0.337635596593221,0.337635596593221,0.028606569252475813,0.2836647133032481,0.08449382716049382,0.022710788440713406,1.0,1.0,0.5266272189349113,720,,,0.000695550800190195,-0.009839387024319596,0.020666866495809785,0.021216146472509783,,0.6666666666666666,,,,0.04997099666805594,,0.18617709530631757,0.1196502910140574,0.23800953625546203,1.1459161527454856e-10,0.00063286777164906,0.01,0.01,0.01,0.01,0.011459161527454853,0.0037846639442761934,0.0037846639442761934,9.147667503429356e-05,-0.3377270732682553,3,2,2,5,5,stage_a_context,,short,5-way,True,,production,production,,,0.013841488289609924,0.751901234567901,primary_target,0,ranking,research,"{""checks"": {""n_folds"": {""value"": 3, ""threshold"": 3, ""passed"": true}, ""healthy_fold_count"": {""value"": 3, ""threshold"": 2, ""passed"": true}, ""healthy_fold_ratio"": {""value"": 1.0, ""threshold"": 0.6666666666666666, ""passed"": true}, ""presence_freq"": {""value"": 1.0, ""threshold"": 0.75, ""passed"": true}, ""directional_mean_ret"": {""value"": 0.337635596593221, ""threshold"": 0.0, ""passed"": true}, ""hurdle_excess"": {""value"": 0.3375441199181867, ""threshold"": 0.0, ""passed"": true}, ""min_support_actual"": {""value"": 720, ""threshold"": 50, ""passed"": true}, ""is_structurally_sound"": {""value"": false, ""passed"": false}, ""trade_path_quality_score"": {""value"": 1.1459161527454856e-10, ""threshold"": 0.0, ""passed"": true}}, ""failures"": [""structural_soundness_fail: ""], ""warnings"": [], ""classification"": ""research""}",0.0,0.0,0.8097051837723727,production,production,False,False,0.1
(*)|(loc_dist_ema20_atr_ts_band30_70==1&loc_dist_ema20_atr_ts_top20==1&loc_dist_ema20_atr_ts_top60==0)|(reg_atr_change_rate_ts_top40==0&reg_atr_change_rate_ts_top50==0),*,loc_dist_ema20_atr_ts_band30_70==1&loc_dist_ema20_atr_ts_top20==1&loc_dist_ema20_atr_ts_top60==0,reg_atr_change_rate_ts_top40==0&reg_atr_change_rate_ts_top50==0,-0.337635596593221,0.337635596593221,0.028606569252475813,0.2836647133032481,0.08449382716049382,0.022710788440713406,1.0,1.0,0.5266272189349113,720,,,0.000695550800190195,-0.009839387024319596,0.020666866495809785,0.021216146472509783,,0.6666666666666666,,,,0.04997099666805594,,0.18617709530631757,0.1196502910140574,0.23800953625546203,1.1459161527454856e-10,0.00063286777164906,0.01,0.01,0.01,0.01,0.011459161527454853,0.0037846639442761934,0.0037846639442761934,9.147667503429356e-05,-0.3377270732682553,3,2,2,5,5,stage_a_context,,short,5-way,True,,production,production,,,0.013841488289609924,0.751901234567901,primary_target,0,ranking,research,"{""checks"": {""n_folds"": {""value"": 3, ""threshold"": 3, ""passed"": true}, ""healthy_fold_count"": {""value"": 3, ""threshold"": 2, ""passed"": true}, ""healthy_fold_ratio"": {""value"": 1.0, ""threshold"": 0.6666666666666666, ""passed"": true}, ""presence_freq"": {""value"": 1.0, ""threshold"": 0.75, ""passed"": true}, ""directional_mean_ret"": {""value"": 0.337635596593221, ""threshold"": 0.0, ""passed"": true}, ""hurdle_excess"": {""value"": 0.3375441199181867, ""threshold"": 0.0, ""passed"": true}, ""min_support_actual"": {""value"": 720, ""threshold"": 50, ""passed"": true}, ""is_structurally_sound"": {""value"": false, ""passed"": false}, ""trade_path_quality_score"": {""value"": 1.1459161527454856e-10, ""threshold"": 0.0, ""passed"": true}}, ""failures"": [""structural_soundness_fail: ""], ""warnings"": [], ""classification"": ""research""}",0.0,0.0,0.6404021424736464,production,production,False,False,0.1
(*)|(loc_dist_ema20_atr_ts_band30_70==1&loc_dist_ema20_atr_ts_top20==1&loc_dist_ema20_atr_ts_top50==0)|(reg_atr_change_rate_ts_top40==0),*,loc_dist_ema20_atr_ts_band30_70==1&loc_dist_ema20_atr_ts_top20==1&loc_dist_ema20_atr_ts_top50==0,reg_atr_change_rate_ts_top40==0,-0.337635596593221,0.337635596593221,0.028606569252475813,0.2836647133032481,0.08449382716049382,0.022710788440713406,1.0,1.0,0.5266272189349113,720,,,0.000695550800190195,-0.009839387024319596,0.020666866495809785,0.021216146472509783,,0.6666666666666666,,,,0.04997099666805594,,0.18617709530631757,0.1196502910140574,0.23800953625546203,1.1459161527454856e-10,0.00063286777164906,0.01,0.01,0.01,0.01,0.011459161527454853,0.0037846639442761934,0.0037846639442761934,9.147667503429356e-05,-0.3377270732682553,3,1,1,4,4,stage_a_context,,short,4-way,True,,production,production,,,0.013841488289609924,0.751901234567901,primary_target,0,ranking,research,"{""checks"": {""n_folds"": {""value"": 3, ""threshold"": 3, ""passed"": true}, ""healthy_fold_count"": {""value"": 3, ""threshold"": 2, ""passed"": true}, ""healthy_fold_ratio"": {""value"": 1.0, ""threshold"": 0.6666666666666666, ""passed"": true}, ""presence_freq"": {""value"": 1.0, ""threshold"": 0.75, ""passed"": true}, ""directional_mean_ret"": {""value"": 0.337635596593221, ""threshold"": 0.0, ""passed"": true}, ""hurdle_excess"": {""value"": 0.3375441199181867, ""threshold"": 0.0, ""passed"": true}, ""min_support_actual"": {""value"": 720, ""threshold"": 50, ""passed"": true}, ""is_structurally_sound"": {""value"": false, ""passed"": false}, ""trade_path_quality_score"": {""value"": 1.1459161527454856e-10, ""threshold"": 0.0, ""passed"": true}}, ""failures"": [""structural_soundness_fail: ""], ""warnings"": [], ""classification"": ""research""}",0.0,0.0,0.6212345603759674,production,production,False,False,0.1
(*)|(loc_dist_ema20_atr_ts_band30_70==1&loc_dist_ema20_atr_ts_top20==1&loc_dist_ema20_atr_ts_top50==0)|(reg_atr_change_rate_ts_bot60==1&reg_atr_change_rate_ts_top40==0),*,loc_dist_ema20_atr_ts_band30_70==1&loc_dist_ema20_atr_ts_top20==1&loc_dist_ema20_atr_ts_top50==0,reg_atr_change_rate_ts_bot60==1&reg_atr_change_rate_ts_top40==0,-0.337635596593221,0.337635596593221,0.028606569252475813,0.2836647133032481,0.08449382716049382,0.022710788440713406,1.0,1.0,0.5266272189349113,720,,,0.000695550800190195,-0.009839387024319596,0.020666866495809785,0.021216146472509783,,0.6666666666666666,,,,0.04997099666805594,,0.18617709530631757,0.1196502910140574,0.23800953625546203,1.1459161527454856e-10,0.00063286777164906,0.01,0.01,0.01,0.01,0.011459161527454853,0.0037846639442761934,0.0037846639442761934,9.147667503429356e-05,-0.3377270732682553,3,1,1,5,5,stage_a_context,,short,5-way,True,,production,production,,,0.013841488289609924,0.751901234567901,primary_target,0,ranking,research,"{""checks"": {""n_folds"": {""value"": 3, ""threshold"": 3, ""passed"": true}, ""healthy_fold_count"": {""value"": 3, ""threshold"": 2, ""passed"": true}, ""healthy_fold_ratio"": {""value"": 1.0, ""threshold"": 0.6666666666666666, ""passed"": true}, ""presence_freq"": {""value"": 1.0, ""threshold"": 0.75, ""passed"": true}, ""directional_mean_ret"": {""value"": 0.337635596593221, ""threshold"": 0.0, ""passed"": true}, ""hurdle_excess"": {""value"": 0.3375441199181867, ""threshold"": 0.0, ""passed"": true}, ""min_support_actual"": {""value"": 720, ""threshold"": 50, ""passed"": true}, ""is_structurally_sound"": {""value"": false, ""passed"": false}, ""trade_path_quality_score"": {""value"": 1.1459161527454856e-10, ""threshold"": 0.0, ""passed"": true}}, ""failures"": [""structural_soundness_fail: ""], ""warnings"": [], ""classification"": ""research""}",0.0,0.0,0.7072440343315168,production,production,False,False,0.1
(*)|(loc_dist_ema20_atr_ts_band25_75==1)|(reg_atr_change_rate_ts_top20==1&reg_atr_change_rate_ts_top30==1&reg_atr_change_rate_ts_top40==0&reg_atr_change_rate_ts_top70==0),*,loc_dist_ema20_atr_ts_band25_75==1,reg_atr_change_rate_ts_top20==1&reg_atr_change_rate_ts_top30==1&reg_atr_change_rate_ts_top40==0&reg_atr_change_rate_ts_top70==0,-0.337635596593221,0.337635596593221,0.028606569252475813,0.2836647133032481,0.08449382716049382,0.022710788440713406,1.0,1.0,0.5266272189349113,720,,,0.000695550800190195,-0.009839387024319596,0.020666866495809785,0.021216146472509783,,0.6666666666666666,,,,0.04997099666805594,,0.18617709530631757,0.1196502910140574,0.23800953625546203,1.1459161527454856e-10,0.00063286777164906,0.01,0.01,0.01,0.01,0.011459161527454853,0.0037846639442761934,0.0037846639442761934,9.147667503429356e-05,-0.3377270732682553,3,1,1,5,5,stage_a_context,,short,5-way,True,,production,production,,,0.013841488289609924,0.751901234567901,primary_target,0,ranking,research,"{""checks"": {""n_folds"": {""value"": 3, ""threshold"": 3, ""passed"": true}, ""healthy_fold_count"": {""value"": 3, ""threshold"": 2, ""passed"": true}, ""healthy_fold_ratio"": {""value"": 1.0, ""threshold"": 0.6666666666666666, ""passed"": true}, ""presence_freq"": {""value"": 1.0, ""threshold"": 0.75, ""passed"": true}, ""directional_mean_ret"": {""value"": 0.337635596593221, ""threshold"": 0.0, ""passed"": true}, ""hurdle_excess"": {""value"": 0.3375441199181867, ""threshold"": 0.0, ""passed"": true}, ""min_support_actual"": {""value"": 720, ""threshold"": 50, ""passed"": true}, ""is_structurally_sound"": {""value"": false, ""passed"": false}, ""trade_path_quality_score"": {""value"": 1.1459161527454856e-10, ""threshold"": 0.0, ""passed"": true}}, ""failures"": [""structural_soundness_fail: ""], ""warnings"": [], ""classification"": ""research""}",0.0,0.0,0.5640441426082734,production,production,False,False,0.1
(*)|(loc_dist_ema20_atr_ts_band25_75==1)|(reg_atr_change_rate_ts_top20==1&reg_atr_change_rate_ts_top30==1&reg_atr_change_rate_ts_top40==0&reg_atr_change_rate_ts_top50==0),*,loc_dist_ema20_atr_ts_band25_75==1,reg_atr_change_rate_ts_top20==1&reg_atr_change_rate_ts_top30==1&reg_atr_change_rate_ts_top40==0&reg_atr_change_rate_ts_top50==0,-0.337635596593221,0.337635596593221,0.028606569252475813,0.2836647133032481,0.08449382716049382,0.022710788440713406,1.0,1.0,0.5266272189349113,720,,,0.000695550800190195,-0.009839387024319596,0.020666866495809785,0.021216146472509783,,0.6666666666666666,,,,0.04997099666805594,,0.18617709530631757,0.1196502910140574,0.23800953625546203,1.1459161527454856e-10,0.00063286777164906,0.01,0.01,0.01,0.01,0.011459161527454853,0.0037846639442761934,0.0037846639442761934,9.147667503429356e-05,-0.3377270732682553,3,1,1,5,5,stage_a_context,,short,5-way,True,,production,production,,,0.013841488289609924,0.751901234567901,primary_target,0,ranking,research,"{""checks"": {""n_folds"": {""value"": 3, ""threshold"": 3, ""passed"": true}, ""healthy_fold_count"": {""value"": 3, ""threshold"": 2, ""passed"": true}, ""healthy_fold_ratio"": {""value"": 1.0, ""threshold"": 0.6666666666666666, ""passed"": true}, ""presence_freq"": {""value"": 1.0, ""threshold"": 0.75, ""passed"": true}, ""directional_mean_ret"": {""value"": 0.337635596593221, ""threshold"": 0.0, ""passed"": true}, ""hurdle_excess"": {""value"": 0.3375441199181867, ""threshold"": 0.0, ""passed"": true}, ""min_support_actual"": {""value"": 720, ""threshold"": 50, ""passed"": true}, ""is_structurally_sound"": {""value"": false, ""passed"": false}, ""trade_path_quality_score"": {""value"": 1.1459161527454856e-10, ""threshold"": 0.0, ""passed"": true}}, ""failures"": [""structural_soundness_fail: ""], ""warnings"": [], ""classification"": ""research""}",0.0,0.0,0.4922520208333882,production,production,False,False,0.1
(*)|(*)|(reg_atr_change_rate_ts_top20==1&reg_atr_change_rate_ts_top30==1&reg_atr_change_rate_ts_top40==0&reg_atr_change_rate_ts_top70==0),*,*,reg_atr_change_rate_ts_top20==1&reg_atr_change_rate_ts_top30==1&reg_atr_change_rate_ts_top40==0&reg_atr_change_rate_ts_top70==0,-0.337635596593221,0.337635596593221,0.028606569252475813,0.2836647133032481,0.08449382716049382,0.022710788440713406,1.0,1.0,0.5266272189349113,720,,,0.000695550800190195,-0.009839387024319596,0.020666866495809785,0.021216146472509783,,0.6666666666666666,,,,0.04997099666805594,,0.18617709530631757,0.1196502910140574,0.23800953625546203,1.1459161527454856e-10,0.00063286777164906,0.01,0.01,0.01,0.01,0.011459161527454853,0.0037846639442761934,0.0037846639442761934,9.147667503429356e-05,-0.3377270732682553,3,2,2,4,4,stage_a_context,,short,4-way,True,,production,production,,,0.013841488289609924,0.751901234567901,primary_target,0,ranking,research,"{""checks"": {""n_folds"": {""value"": 3, ""threshold"": 3, ""passed"": true}, ""healthy_fold_count"": {""value"": 3, ""threshold"": 2, ""passed"": true}, ""healthy_fold_ratio"": {""value"": 1.0, ""threshold"": 0.6666666666666666, ""passed"": true}, ""presence_freq"": {""value"": 1.0, ""threshold"": 0.75, ""passed"": true}, ""directional_mean_ret"": {""value"": 0.337635596593221, ""threshold"": 0.0, ""passed"": true}, ""hurdle_excess"": {""value"": 0.3375441199181867, ""threshold"": 0.0, ""passed"": true}, ""min_support_actual"": {""value"": 720, ""threshold"": 50, ""passed"": true}, ""is_structurally_sound"": {""value"": false, ""passed"": false}, ""trade_path_quality_score"": {""value"": 1.1459161527454856e-10, ""threshold"": 0.0, ""passed"": true}}, ""failures"": [""structural_soundness_fail: ""], ""warnings"": [], ""classification"": ""research""}",0.0,0.0,0.6702557776279113,production,production,False,False,0.1
(*)|(*)|(reg_atr_change_rate_ts_top20==1&reg_atr_change_rate_ts_top30==1&reg_atr_change_rate_ts_top40==0&reg_atr_change_rate_ts_top50==0&reg_atr_change_rate_ts_top60==0),*,*,reg_atr_change_rate_ts_top20==1&reg_atr_change_rate_ts_top30==1&reg_atr_change_rate_ts_top40==0&reg_atr_change_rate_ts_top50==0&reg_atr_change_rate_ts_top60==0,-0.337635596593221,0.337635596593221,0.028606569252475813,0.2836647133032481,0.08449382716049382,0.022710788440713406,1.0,1.0,0.5266272189349113,720,,,0.000695550800190195,-0.009839387024319596,0.020666866495809785,0.021216146472509783,,0.6666666666666666,,,,0.04997099666805594,,0.18617709530631757,0.1196502910140574,0.23800953625546203,1.1459161527454856e-10,0.00063286777164906,0.01,0.01,0.01,0.01,0.011459161527454853,0.0037846639442761934,0.0037846639442761934,9.147667503429356e-05,-0.3377270732682553,3,1,1,5,5,stage_a_context,,short,5-way,True,,production,production,,,0.013841488289609924,0.751901234567901,primary_target,0,ranking,research,"{""checks"": {""n_folds"": {""value"": 3, ""threshold"": 3, ""passed"": true}, ""healthy_fold_count"": {""value"": 3, ""threshold"": 2, ""passed"": true}, ""healthy_fold_ratio"": {""value"": 1.0, ""threshold"": 0.6666666666666666, ""passed"": true}, ""presence_freq"": {""value"": 1.0, ""threshold"": 0.75, ""passed"": true}, ""directional_mean_ret"": {""value"": 0.337635596593221, ""threshold"": 0.0, ""passed"": true}, ""hurdle_excess"": {""value"": 0.3375441199181867, ""threshold"": 0.0, ""passed"": true}, ""min_support_actual"": {""value"": 720, ""threshold"": 50, ""passed"": true}, ""is_structurally_sound"": {""value"": false, ""passed"": false}, ""trade_path_quality_score"": {""value"": 1.1459161527454856e-10, ""threshold"": 0.0, ""passed"": true}}, ""failures"": [""structural_soundness_fail: ""], ""warnings"": [], ""classification"": ""research""}",0.0,0.0,0.7322402760412091,production,production,False,False,0.1
(*)|(loc_dist_ema20_atr_ts_band30_70==1)|(reg_atr_change_rate_ts_bot20==0&reg_atr_change_rate_ts_top40==0&reg_atr_change_rate_ts_top50==0&reg_atr_change_rate_ts_top60==0),*,loc_dist_ema20_atr_ts_band30_70==1,reg_atr_change_rate_ts_bot20==0&reg_atr_change_rate_ts_top40==0&reg_atr_change_rate_ts_top50==0&reg_atr_change_rate_ts_top60==0,-0.337635596593221,0.337635596593221,0.028606569252475813,0.2836647133032481,0.08449382716049382,0.022710788440713406,1.0,1.0,0.5266272189349113,720,,,0.000695550800190195,-0.009839387024319596,0.020666866495809785,0.021216146472509783,,0.6666666666666666,,,,0.04997099666805594,,0.18617709530631757,0.1196502910140574,0.23800953625546203,1.1459161527454856e-10,0.00063286777164906,0.01,0.01,0.01,0.01,0.011459161527454853,0.0037846639442761934,0.0037846639442761934,9.147667503429356e-05,-0.3377270732682553,3,2,2,5,5,stage_a_context,,short,5-way,True,,production,production,,,0.013841488289609924,0.751901234567901,primary_target,0,ranking,research,"{""checks"": {""n_folds"": {""value"": 3, ""threshold"": 3, ""passed"": true}, ""healthy_fold_count"": {""value"": 3, ""threshold"": 2, ""passed"": true}, ""healthy_fold_ratio"": {""value"": 1.0, ""threshold"": 0.6666666666666666, ""passed"": true}, ""presence_freq"": {""value"": 1.0, ""threshold"": 0.75, ""passed"": true}, ""directional_mean_ret"": {""value"": 0.337635596593221, ""threshold"": 0.0, ""passed"": true}, ""hurdle_excess"": {""value"": 0.3375441199181867, ""threshold"": 0.0, ""passed"": true}, ""min_support_actual"": {""value"": 720, ""threshold"": 50, ""passed"": true}, ""is_structurally_sound"": {""value"": false, ""passed"": false}, ""trade_path_quality_score"": {""value"": 1.1459161527454856e-10, ""threshold"": 0.0, ""passed"": true}}, ""failures"": [""structural_soundness_fail: ""], ""warnings"": [], ""classification"": ""research""}",0.0,0.0,0.6487369412234392,production,production,False,False,0.1
(*)|(*)|(reg_atr_change_rate_ts_band25_75==1&reg_atr_change_rate_ts_top20==1&reg_atr_change_rate_ts_top30==1&reg_atr_change_rate_ts_top40==0),*,*,reg_atr_change_rate_ts_band25_75==1&reg_atr_change_rate_ts_top20==1&reg_atr_change_rate_ts_top30==1&reg_atr_change_rate_ts_top40==0,-0.337635596593221,0.337635596593221,0.028606569252475813,0.2836647133032481,0.08449382716049382,0.022710788440713406,1.0,1.0,0.5266272189349113,720,,,0.000695550800190195,-0.009839387024319596,0.020666866495809785,0.021216146472509783,,0.6666666666666666,,,,0.04997099666805594,,0.18617709530631757,0.1196502910140574,0.23800953625546203,1.1459161527454856e-10,0.00063286777164906,0.01,0.01,0.01,0.01,0.011459161527454853,0.0037846639442761934,0.0037846639442761934,9.147667503429356e-05,-0.3377270732682553,3,3,3,4,4,stage_a_context,,short,4-way,True,,production,production,,,0.013841488289609924,0.751901234567901,primary_target,0,ranking,research,"{""checks"": {""n_folds"": {""value"": 3, ""threshold"": 3, ""passed"": true}, ""healthy_fold_count"": {""value"": 3, ""threshold"": 2, ""passed"": true}, ""healthy_fold_ratio"": {""value"": 1.0, ""threshold"": 0.6666666666666666, ""passed"": true}, ""presence_freq"": {""value"": 1.0, ""threshold"": 0.75, ""passed"": true}, ""directional_mean_ret"": {""value"": 0.337635596593221, ""threshold"": 0.0, ""passed"": true}, ""hurdle_excess"": {""value"": 0.3375441199181867, ""threshold"": 0.0, ""passed"": true}, ""min_support_actual"": {""value"": 720, ""threshold"": 50, ""passed"": true}, ""is_structurally_sound"": {""value"": false, ""passed"": false}, ""trade_path_quality_score"": {""value"": 1.1459161527454856e-10, ""threshold"": 0.0, ""passed"": true}}, ""failures"": [""structural_soundness_fail: ""], ""warnings"": [], ""classification"": ""research""}",0.0,0.0,0.5272750275756294,production,production,False,False,0.1
(*)|(*)|(reg_atr_change_rate_ts_bot30==0&reg_atr_change_rate_ts_top20==1&reg_atr_change_rate_ts_top40==0&reg_atr_change_rate_ts_top50==0&reg_atr_change_rate_ts_top70==0),*,*,reg_atr_change_rate_ts_bot30==0&reg_atr_change_rate_ts_top20==1&reg_atr_change_rate_ts_top40==0&reg_atr_change_rate_ts_top50==0&reg_atr_change_rate_ts_top70==0,-0.337635596593221,0.337635596593221,0.028606569252475813,0.2836647133032481,0.08449382716049382,0.022710788440713406,1.0,1.0,0.5266272189349113,720,,,0.000695550800190195,-0.009839387024319596,0.020666866495809785,0.021216146472509783,,0.6666666666666666,,,,0.04997099666805594,,0.18617709530631757,0.1196502910140574,0.23800953625546203,1.1459161527454856e-10,0.00063286777164906,0.01,0.01,0.01,0.01,0.011459161527454853,0.0037846639442761934,0.0037846639442761934,9.147667503429356e-05,-0.3377270732682553,3,1,1,5,5,stage_a_context,,short,5-way,True,,production,production,,,0.013841488289609924,0.751901234567901,primary_target,0,ranking,research,"{""checks"": {""n_folds"": {""value"": 3, ""threshold"": 3, ""passed"": true}, ""healthy_fold_count"": {""value"": 3, ""threshold"": 2, ""passed"": true}, ""healthy_fold_ratio"": {""value"": 1.0, ""threshold"": 0.6666666666666666, ""passed"": true}, ""presence_freq"": {""value"": 1.0, ""threshold"": 0.75, ""passed"": true}, ""directional_mean_ret"": {""value"": 0.337635596593221, ""threshold"": 0.0, ""passed"": true}, ""hurdle_excess"": {""value"": 0.3375441199181867, ""threshold"": 0.0, ""passed"": true}, ""min_support_actual"": {""value"": 720, ""threshold"": 50, ""passed"": true}, ""is_structurally_sound"": {""value"": false, ""passed"": false}, ""trade_path_quality_score"": {""value"": 1.1459161527454856e-10, ""threshold"": 0.0, ""passed"": true}}, ""failures"": [""structural_soundness_fail: ""], ""warnings"": [], ""classification"": ""research""}",0.0,0.0,0.9874589638311385,production,production,False,False,0.1
(*)|(*)|(reg_atr_change_rate_ts_bot20==0&reg_atr_change_rate_ts_top30==1&reg_atr_change_rate_ts_top40==0&reg_atr_change_rate_ts_top50==0&reg_atr_change_rate_ts_top70==0),*,*,reg_atr_change_rate_ts_bot20==0&reg_atr_change_rate_ts_top30==1&reg_atr_change_rate_ts_top40==0&reg_atr_change_rate_ts_top50==0&reg_atr_change_rate_ts_top70==0,-0.337635596593221,0.337635596593221,0.028606569252475813,0.2836647133032481,0.08449382716049382,0.022710788440713406,1.0,1.0,0.5266272189349113,720,,,0.000695550800190195,-0.009839387024319596,0.020666866495809785,0.021216146472509783,,0.6666666666666666,,,,0.04997099666805594,,0.18617709530631757,0.1196502910140574,0.23800953625546203,1.1459161527454856e-10,0.00063286777164906,0.01,0.01,0.01,0.01,0.011459161527454853,0.0037846639442761934,0.0037846639442761934,9.147667503429356e-05,-0.3377270732682553,3,1,1,5,5,stage_a_context,,short,5-way,True,,production,production,,,0.013841488289609924,0.751901234567901,primary_target,0,ranking,research,"{""checks"": {""n_folds"": {""value"": 3, ""threshold"": 3, ""passed"": true}, ""healthy_fold_count"": {""value"": 3, ""threshold"": 2, ""passed"": true}, ""healthy_fold_ratio"": {""value"": 1.0, ""threshold"": 0.6666666666666666, ""passed"": true}, ""presence_freq"": {""value"": 1.0, ""threshold"": 0.75, ""passed"": true}, ""directional_mean_ret"": {""value"": 0.337635596593221, ""threshold"": 0.0, ""passed"": true}, ""hurdle_excess"": {""value"": 0.3375441199181867, ""threshold"": 0.0, ""passed"": true}, ""min_support_actual"": {""value"": 720, ""threshold"": 50, ""passed"": true}, ""is_structurally_sound"": {""value"": false, ""passed"": false}, ""trade_path_quality_score"": {""value"": 1.1459161527454856e-10, ""threshold"": 0.0, ""passed"": true}}, ""failures"": [""structural_soundness_fail: ""], ""warnings"": [], ""classification"": ""research""}",0.0,0.0,0.6512825741561028,production,production,False,False,0.1
(*)|(*)|(reg_atr_change_rate_ts_band40_60==0&reg_atr_change_rate_ts_top20==1&reg_atr_change_rate_ts_top30==1&reg_atr_change_rate_ts_top40==0),*,*,reg_atr_change_rate_ts_band40_60==0&reg_atr_change_rate_ts_top20==1&reg_atr_change_rate_ts_top30==1&reg_atr_change_rate_ts_top40==0,-0.337635596593221,0.337635596593221,0.028606569252475813,0.2836647133032481,0.08449382716049382,0.022710788440713406,1.0,1.0,0.5266272189349113,720,,,0.000695550800190195,-0.009839387024319596,0.020666866495809785,0.021216146472509783,,0.6666666666666666,,,,0.04997099666805594,,0.18617709530631757,0.1196502910140574,0.23800953625546203,1.1459161527454856e-10,0.00063286777164906,0.01,0.01,0.01,0.01,0.011459161527454853,0.0037846639442761934,0.0037846639442761934,9.147667503429356e-05,-0.3377270732682553,3,1,1,4,4,stage_a_context,,short,4-way,True,,production,production,,,0.013841488289609924,0.751901234567901,primary_target,0,ranking,research,"{""checks"": {""n_folds"": {""value"": 3, ""threshold"": 3, ""passed"": true}, ""healthy_fold_count"": {""value"": 3, ""threshold"": 2, ""passed"": true}, ""healthy_fold_ratio"": {""value"": 1.0, ""threshold"": 0.6666666666666666, ""passed"": true}, ""presence_freq"": {""value"": 1.0, ""threshold"": 0.75, ""passed"": true}, ""directional_mean_ret"": {""value"": 0.337635596593221, ""threshold"": 0.0, ""passed"": true}, ""hurdle_excess"": {""value"": 0.3375441199181867, ""threshold"": 0.0, ""passed"": true}, ""min_support_actual"": {""value"": 720, ""threshold"": 50, ""passed"": true}, ""is_structurally_sound"": {""value"": false, ""passed"": false}, ""trade_path_quality_score"": {""value"": 1.1459161527454856e-10, ""threshold"": 0.0, ""passed"": true}}, ""failures"": [""structural_soundness_fail: ""], ""warnings"": [], ""classification"": ""research""}",0.0,0.0,0.3724334486951675,production,production,False,False,0.1
(*)|(*)|(reg_atr_change_rate_ts_band30_70==1&reg_atr_change_rate_ts_top20==1&reg_atr_change_rate_ts_top40==0&reg_atr_change_rate_ts_top50==0),*,*,reg_atr_change_rate_ts_band30_70==1&reg_atr_change_rate_ts_top20==1&reg_atr_change_rate_ts_top40==0&reg_atr_change_rate_ts_top50==0,-0.337635596593221,0.337635596593221,0.028606569252475813,0.2836647133032481,0.08449382716049382,0.022710788440713406,1.0,1.0,0.5266272189349113,720,,,0.000695550800190195,-0.009839387024319596,0.020666866495809785,0.021216146472509783,,0.6666666666666666,,,,0.04997099666805594,,0.18617709530631757,0.1196502910140574,0.23800953625546203,1.1459161527454856e-10,0.00063286777164906,0.01,0.01,0.01,0.01,0.011459161527454853,0.0037846639442761934,0.0037846639442761934,9.147667503429356e-05,-0.3377270732682553,3,2,2,4,4,stage_a_context,,short,4-way,True,,production,production,,,0.013841488289609924,0.751901234567901,primary_target,0,ranking,research,"{""checks"": {""n_folds"": {""value"": 3, ""threshold"": 3, ""passed"": true}, ""healthy_fold_count"": {""value"": 3, ""threshold"": 2, ""passed"": true}, ""healthy_fold_ratio"": {""value"": 1.0, ""threshold"": 0.6666666666666666, ""passed"": true}, ""presence_freq"": {""value"": 1.0, ""threshold"": 0.75, ""passed"": true}, ""directional_mean_ret"": {""value"": 0.337635596593221, ""threshold"": 0.0, ""passed"": true}, ""hurdle_excess"": {""value"": 0.3375441199181867, ""threshold"": 0.0, ""passed"": true}, ""min_support_actual"": {""value"": 720, ""threshold"": 50, ""passed"": true}, ""is_structurally_sound"": {""value"": false, ""passed"": false}, ""trade_path_quality_score"": {""value"": 1.1459161527454856e-10, ""threshold"": 0.0, ""passed"": true}}, ""failures"": [""structural_soundness_fail: ""], ""warnings"": [], ""classification"": ""research""}",0.0,0.0,0.24809176511665673,production,production,False,False,0.1
(*)|(*)|(reg_atr_change_rate_ts_band30_70==1&reg_atr_change_rate_ts_top20==1&reg_atr_change_rate_ts_top40==0&reg_atr_change_rate_ts_top50==0&reg_atr_change_rate_ts_top60==0),*,*,reg_atr_change_rate_ts_band30_70==1&reg_atr_change_rate_ts_top20==1&reg_atr_change_rate_ts_top40==0&reg_atr_change_rate_ts_top50==0&reg_atr_change_rate_ts_top60==0,-0.337635596593221,0.337635596593221,0.028606569252475813,0.2836647133032481,0.08449382716049382,0.022710788440713406,1.0,1.0,0.5266272189349113,720,,,0.000695550800190195,-0.009839387024319596,0.020666866495809785,0.021216146472509783,,0.6666666666666666,,,,0.04997099666805594,,0.18617709530631757,0.1196502910140574,0.23800953625546203,1.1459161527454856e-10,0.00063286777164906,0.01,0.01,0.01,0.01,0.011459161527454853,0.0037846639442761934,0.0037846639442761934,9.147667503429356e-05,-0.3377270732682553,3,4,4,5,5,stage_a_context,,short,5-way,True,,production,production,,,0.013841488289609924,0.751901234567901,primary_target,0,ranking,research,"{""checks"": {""n_folds"": {""value"": 3, ""threshold"": 3, ""passed"": true}, ""healthy_fold_count"": {""value"": 3, ""threshold"": 2, ""passed"": true}, ""healthy_fold_ratio"": {""value"": 1.0, ""threshold"": 0.6666666666666666, ""passed"": true}, ""presence_freq"": {""value"": 1.0, ""threshold"": 0.75, ""passed"": true}, ""directional_mean_ret"": {""value"": 0.337635596593221, ""threshold"": 0.0, ""passed"": true}, ""hurdle_excess"": {""value"": 0.3375441199181867, ""threshold"": 0.0, ""passed"": true}, ""min_support_actual"": {""value"": 720, ""threshold"": 50, ""passed"": true}, ""is_structurally_sound"": {""value"": false, ""passed"": false}, ""trade_path_quality_score"": {""value"": 1.1459161527454856e-10, ""threshold"": 0.0, ""passed"": true}}, ""failures"": [""structural_soundness_fail: ""], ""warnings"": [], ""classification"": ""research""}",0.0,0.0,0.5739530958392349,production,production,False,False,0.1
(*)|(*)|(reg_atr_change_rate_ts_band30_70==1&reg_atr_change_rate_ts_band40_60==0&reg_atr_change_rate_ts_top20==1&reg_atr_change_rate_ts_top40==0),*,*,reg_atr_change_rate_ts_band30_70==1&reg_atr_change_rate_ts_band40_60==0&reg_atr_change_rate_ts_top20==1&reg_atr_change_rate_ts_top40==0,-0.337635596593221,0.337635596593221,0.028606569252475813,0.2836647133032481,0.08449382716049382,0.022710788440713406,1.0,1.0,0.5266272189349113,720,,,0.000695550800190195,-0.009839387024319596,0.020666866495809785,0.021216146472509783,,0.6666666666666666,,,,0.04997099666805594,,0.18617709530631757,0.1196502910140574,0.23800953625546203,1.1459161527454856e-10,0.00063286777164906,0.01,0.01,0.01,0.01,0.011459161527454853,0.0037846639442761934,0.0037846639442761934,9.147667503429356e-05,-0.3377270732682553,3,1,1,4,4,stage_a_context,,short,4-way,True,,production,production,,,0.013841488289609924,0.751901234567901,primary_target,0,ranking,research,"{""checks"": {""n_folds"": {""value"": 3, ""threshold"": 3, ""passed"": true}, ""healthy_fold_count"": {""value"": 3, ""threshold"": 2, ""passed"": true}, ""healthy_fold_ratio"": {""value"": 1.0, ""threshold"": 0.6666666666666666, ""passed"": true}, ""presence_freq"": {""value"": 1.0, ""threshold"": 0.75, ""passed"": true}, ""directional_mean_ret"": {""value"": 0.337635596593221, ""threshold"": 0.0, ""passed"": true}, ""hurdle_excess"": {""value"": 0.3375441199181867, ""threshold"": 0.0, ""passed"": true}, ""min_support_actual"": {""value"": 720, ""threshold"": 50, ""passed"": true}, ""is_structurally_sound"": {""value"": false, ""passed"": false}, ""trade_path_quality_score"": {""value"": 1.1459161527454856e-10, ""threshold"": 0.0, ""passed"": true}}, ""failures"": [""structural_soundness_fail: ""], ""warnings"": [], ""classification"": ""research""}",0.0,0.0,0.41762036458986695,production,production,False,False,0.1
(*)|(loc_dist_ema20_atr_ts_top20==1&loc_dist_ema20_atr_ts_top50==0)|(reg_atr_change_rate_ts_top30==1&reg_atr_change_rate_ts_top40==0&reg_atr_change_rate_ts_top60==0),*,loc_dist_ema20_atr_ts_top20==1&loc_dist_ema20_atr_ts_top50==0,reg_atr_change_rate_ts_top30==1&reg_atr_change_rate_ts_top40==0&reg_atr_change_rate_ts_top60==0,-0.337635596593221,0.337635596593221,0.028606569252475813,0.2836647133032481,0.08449382716049382,0.022710788440713406,1.0,1.0,0.5266272189349113,720,,,0.000695550800190195,-0.009839387024319596,0.020666866495809785,0.021216146472509783,,0.6666666666666666,,,,0.04997099666805594,,0.18617709530631757,0.1196502910140574,0.23800953625546203,1.1459161527454856e-10,0.00063286777164906,0.01,0.01,0.01,0.01,0.011459161527454853,0.0037846639442761934,0.0037846639442761934,9.147667503429356e-05,-0.3377270732682553,3,1,1,5,5,stage_a_context,,short,5-way,True,,production,production,,,0.013841488289609924,0.751901234567901,primary_target,0,ranking,research,"{""checks"": {""n_folds"": {""value"": 3, ""threshold"": 3, ""passed"": true}, ""healthy_fold_count"": {""value"": 3, ""threshold"": 2, ""passed"": true}, ""healthy_fold_ratio"": {""value"": 1.0, ""threshold"": 0.6666666666666666, ""passed"": true}, ""presence_freq"": {""value"": 1.0, ""threshold"": 0.75, ""passed"": true}, ""directional_mean_ret"": {""value"": 0.337635596593221, ""threshold"": 0.0, ""passed"": true}, ""hurdle_excess"": {""value"": 0.3375441199181867, ""threshold"": 0.0, ""passed"": true}, ""min_support_actual"": {""value"": 720, ""threshold"": 50, ""passed"": true}, ""is_structurally_sound"": {""value"": false, ""passed"": false}, ""trade_path_quality_score"": {""value"": 1.1459161527454856e-10, ""threshold"": 0.0, ""passed"": true}}, ""failures"": [""structural_soundness_fail: ""], ""warnings"": [], ""classification"": ""research""}",0.0,0.0,0.39515538666936934,production,production,False,False,0.1
(*)|(loc_dist_ema20_atr_ts_band30_70==1&loc_dist_ema20_atr_ts_top50==0)|(reg_atr_change_rate_ts_top20==1&reg_atr_change_rate_ts_top40==0),*,loc_dist_ema20_atr_ts_band30_70==1&loc_dist_ema20_atr_ts_top50==0,reg_atr_change_rate_ts_top20==1&reg_atr_change_rate_ts_top40==0,-0.337635596593221,0.337635596593221,0.028606569252475813,0.2836647133032481,0.08449382716049382,0.022710788440713406,1.0,1.0,0.5266272189349113,720,,,0.000695550800190195,-0.009839387024319596,0.020666866495809785,0.021216146472509783,,0.6666666666666666,,,,0.04997099666805594,,0.18617709530631757,0.1196502910140574,0.23800953625546203,1.1459161527454856e-10,0.00063286777164906,0.01,0.01,0.01,0.01,0.011459161527454853,0.0037846639442761934,0.0037846639442761934,9.147667503429356e-05,-0.3377270732682553,3,1,1,4,4,stage_a_context,,short,4-way,True,,production,production,,,0.013841488289609924,0.751901234567901,primary_target,0,ranking,research,"{""checks"": {""n_folds"": {""value"": 3, ""threshold"": 3, ""passed"": true}, ""healthy_fold_count"": {""value"": 3, ""threshold"": 2, ""passed"": true}, ""healthy_fold_ratio"": {""value"": 1.0, ""threshold"": 0.6666666666666666, ""passed"": true}, ""presence_freq"": {""value"": 1.0, ""threshold"": 0.75, ""passed"": true}, ""directional_mean_ret"": {""value"": 0.337635596593221, ""threshold"": 0.0, ""passed"": true}, ""hurdle_excess"": {""value"": 0.3375441199181867, ""threshold"": 0.0, ""passed"": true}, ""min_support_actual"": {""value"": 720, ""threshold"": 50, ""passed"": true}, ""is_structurally_sound"": {""value"": false, ""passed"": false}, ""trade_path_quality_score"": {""value"": 1.1459161527454856e-10, ""threshold"": 0.0, ""passed"": true}}, ""failures"": [""structural_soundness_fail: ""], ""warnings"": [], ""classification"": ""research""}",0.0,0.0,0.5483565730441605,production,production,False,False,0.1
(*)|(*)|(reg_atr_change_rate_ts_band30_70==1&reg_atr_change_rate_ts_bot50==1&reg_atr_change_rate_ts_top20==1&reg_atr_change_rate_ts_top40==0),*,*,reg_atr_change_rate_ts_band30_70==1&reg_atr_change_rate_ts_bot50==1&reg_atr_change_rate_ts_top20==1&reg_atr_change_rate_ts_top40==0,-0.337635596593221,0.337635596593221,0.028606569252475813,0.2836647133032481,0.08449382716049382,0.022710788440713406,1.0,1.0,0.5266272189349113,720,,,0.000695550800190195,-0.009839387024319596,0.020666866495809785,0.021216146472509783,,0.6666666666666666,,,,0.04997099666805594,,0.18617709530631757,0.1196502910140574,0.23800953625546203,1.1459161527454856e-10,0.00063286777164906,0.01,0.01,0.01,0.01,0.011459161527454853,0.0037846639442761934,0.0037846639442761934,9.147667503429356e-05,-0.3377270732682553,3,1,1,4,4,stage_a_context,,short,4-way,True,,production,production,,,0.013841488289609924,0.751901234567901,primary_target,0,ranking,research,"{""checks"": {""n_folds"": {""value"": 3, ""threshold"": 3, ""passed"": true}, ""healthy_fold_count"": {""value"": 3, ""threshold"": 2, ""passed"": true}, ""healthy_fold_ratio"": {""value"": 1.0, ""threshold"": 0.6666666666666666, ""passed"": true}, ""presence_freq"": {""value"": 1.0, ""threshold"": 0.75, ""passed"": true}, ""directional_mean_ret"": {""value"": 0.337635596593221, ""threshold"": 0.0, ""passed"": true}, ""hurdle_excess"": {""value"": 0.3375441199181867, ""threshold"": 0.0, ""passed"": true}, ""min_support_actual"": {""value"": 720, ""threshold"": 50, ""passed"": true}, ""is_structurally_sound"": {""value"": false, ""passed"": false}, ""trade_path_quality_score"": {""value"": 1.1459161527454856e-10, ""threshold"": 0.0, ""passed"": true}}, ""failures"": [""structural_soundness_fail: ""], ""warnings"": [], ""classification"": ""research""}",0.0,0.0,0.7046374596811711,production,production,False,False,0.1
(*)|(loc_dist_ema20_atr_ts_band30_70==1)|(reg_atr_change_rate_ts_top20==1&reg_atr_change_rate_ts_top40==0&reg_atr_change_rate_ts_top50==0),*,loc_dist_ema20_atr_ts_band30_70==1,reg_atr_change_rate_ts_top20==1&reg_atr_change_rate_ts_top40==0&reg_atr_change_rate_ts_top50==0,-0.337635596593221,0.337635596593221,0.028606569252475813,0.2836647133032481,0.08449382716049382,0.022710788440713406,1.0,1.0,0.5266272189349113,720,,,0.000695550800190195,-0.009839387024319596,0.020666866495809785,0.021216146472509783,,0.6666666666666666,,,,0.04997099666805594,,0.18617709530631757,0.1196502910140574,0.23800953625546203,1.1459161527454856e-10,0.00063286777164906,0.01,0.01,0.01,0.01,0.011459161527454853,0.0037846639442761934,0.0037846639442761934,9.147667503429356e-05,-0.3377270732682553,3,1,1,4,4,stage_a_context,,short,4-way,True,,production,production,,,0.013841488289609924,0.751901234567901,primary_target,0,ranking,research,"{""checks"": {""n_folds"": {""value"": 3, ""threshold"": 3, ""passed"": true}, ""healthy_fold_count"": {""value"": 3, ""threshold"": 2, ""passed"": true}, ""healthy_fold_ratio"": {""value"": 1.0, ""threshold"": 0.6666666666666666, ""passed"": true}, ""presence_freq"": {""value"": 1.0, ""threshold"": 0.75, ""passed"": true}, ""directional_mean_ret"": {""value"": 0.337635596593221, ""threshold"": 0.0, ""passed"": true}, ""hurdle_excess"": {""value"": 0.3375441199181867, ""threshold"": 0.0, ""passed"": true}, ""min_support_actual"": {""value"": 720, ""threshold"": 50, ""passed"": true}, ""is_structurally_sound"": {""value"": false, ""passed"": false}, ""trade_path_quality_score"": {""value"": 1.1459161527454856e-10, ""threshold"": 0.0, ""passed"": true}}, ""failures"": [""structural_soundness_fail: ""], ""warnings"": [], ""classification"": ""research""}",0.0,0.0,0.7356960699383365,production,production,False,False,0.1
(*)|(loc_dist_ema20_atr_ts_bot20==0)|(reg_atr_change_rate_ts_bot40==1&reg_atr_change_rate_ts_top50==0&reg_atr_compression_ratio_ts_band30_70==1),*,loc_dist_ema20_atr_ts_bot20==0,reg_atr_change_rate_ts_bot40==1&reg_atr_change_rate_ts_top50==0&reg_atr_compression_ratio_ts_band30_70==1,-0.337635596593221,0.337635596593221,0.028606569252475813,0.2836647133032481,0.08449382716049382,0.022710788440713406,1.0,1.0,0.5266272189349113,720,,,0.000695550800190195,-0.009839387024319596,0.020666866495809785,0.021216146472509783,,0.6666666666666666,,,,0.04997099666805594,,0.18617709530631757,0.1196502910140574,0.23800953625546203,1.1459161527454856e-10,0.00063286777164906,0.01,0.01,0.01,0.01,0.011459161527454853,0.0037846639442761934,0.0037846639442761934,9.147667503429356e-05,-0.3377270732682553,3,1,1,4,4,stage_a_context,,short,4-way,True,,production,production,,,0.013841488289609924,0.751901234567901,primary_target,0,ranking,research,"{""checks"": {""n_folds"": {""value"": 3, ""threshold"": 3, ""passed"": true}, ""healthy_fold_count"": {""value"": 3, ""threshold"": 2, ""passed"": true}, ""healthy_fold_ratio"": {""value"": 1.0, ""threshold"": 0.6666666666666666, ""passed"": true}, ""presence_freq"": {""value"": 1.0, ""threshold"": 0.75, ""passed"": true}, ""directional_mean_ret"": {""value"": 0.337635596593221, ""threshold"": 0.0, ""passed"": true}, ""hurdle_excess"": {""value"": 0.3375441199181867, ""threshold"": 0.0, ""passed"": true}, ""min_support_actual"": {""value"": 720, ""threshold"": 50, ""passed"": true}, ""is_structurally_sound"": {""value"": false, ""passed"": false}, ""trade_path_quality_score"": {""value"": 1.1459161527454856e-10, ""threshold"": 0.0, ""passed"": true}}, ""failures"": [""structural_soundness_fail: ""], ""warnings"": [], ""classification"": ""research""}",0.0,0.0,0.3167617861308436,production,production,False,False,0.1
(*)|(loc_dist_ema20_atr_ts_top20==1&loc_dist_ema20_atr_ts_top50==0)|(reg_atr_change_rate_ts_band25_75==1&reg_atr_change_rate_ts_top30==1&reg_atr_change_rate_ts_top40==0),*,loc_dist_ema20_atr_ts_top20==1&loc_dist_ema20_atr_ts_top50==0,reg_atr_change_rate_ts_band25_75==1&reg_atr_change_rate_ts_top30==1&reg_atr_change_rate_ts_top40==0,-0.337635596593221,0.337635596593221,0.028606569252475813,0.2836647133032481,0.08449382716049382,0.022710788440713406,1.0,1.0,0.5266272189349113,720,,,0.000695550800190195,-0.009839387024319596,0.020666866495809785,0.021216146472509783,,0.6666666666666666,,,,0.04997099666805594,,0.18617709530631757,0.1196502910140574,0.23800953625546203,1.1459161527454856e-10,0.00063286777164906,0.01,0.01,0.01,0.01,0.011459161527454853,0.0037846639442761934,0.0037846639442761934,9.147667503429356e-05,-0.3377270732682553,3,1,1,5,5,stage_a_context,,short,5-way,True,,production,production,,,0.013841488289609924,0.751901234567901,primary_target,0,ranking,research,"{""checks"": {""n_folds"": {""value"": 3, ""threshold"": 3, ""passed"": true}, ""healthy_fold_count"": {""value"": 3, ""threshold"": 2, ""passed"": true}, ""healthy_fold_ratio"": {""value"": 1.0, ""threshold"": 0.6666666666666666, ""passed"": true}, ""presence_freq"": {""value"": 1.0, ""threshold"": 0.75, ""passed"": true}, ""directional_mean_ret"": {""value"": 0.337635596593221, ""threshold"": 0.0, ""passed"": true}, ""hurdle_excess"": {""value"": 0.3375441199181867, ""threshold"": 0.0, ""passed"": true}, ""min_support_actual"": {""value"": 720, ""threshold"": 50, ""passed"": true}, ""is_structurally_sound"": {""value"": false, ""passed"": false}, ""trade_path_quality_score"": {""value"": 1.1459161527454856e-10, ""threshold"": 0.0, ""passed"": true}}, ""failures"": [""structural_soundness_fail: ""], ""warnings"": [], ""classification"": ""research""}",0.0,0.0,0.45061173590474246,production,production,False,False,0.1
(*)|(loc_dist_ema20_atr_ts_top20==1&loc_dist_ema20_atr_ts_top40==0)|(reg_atr_change_rate_ts_band25_75==1&reg_atr_change_rate_ts_top30==1&reg_atr_change_rate_ts_top50==0),*,loc_dist_ema20_atr_ts_top20==1&loc_dist_ema20_atr_ts_top40==0,reg_atr_change_rate_ts_band25_75==1&reg_atr_change_rate_ts_top30==1&reg_atr_change_rate_ts_top50==0,-0.337635596593221,0.337635596593221,0.028606569252475813,0.2836647133032481,0.08449382716049382,0.022710788440713406,1.0,1.0,0.5266272189349113,720,,,0.000695550800190195,-0.009839387024319596,0.020666866495809785,0.021216146472509783,,0.6666666666666666,,,,0.04997099666805594,,0.18617709530631757,0.1196502910140574,0.23800953625546203,1.1459161527454856e-10,0.00063286777164906,0.01,0.01,0.01,0.01,0.011459161527454853,0.0037846639442761934,0.0037846639442761934,9.147667503429356e-05,-0.3377270732682553,3,1,1,5,5,stage_a_context,,short,5-way,True,,production,production,,,0.013841488289609924,0.751901234567901,primary_target,0,ranking,research,"{""checks"": {""n_folds"": {""value"": 3, ""threshold"": 3, ""passed"": true}, ""healthy_fold_count"": {""value"": 3, ""threshold"": 2, ""passed"": true}, ""healthy_fold_ratio"": {""value"": 1.0, ""threshold"": 0.6666666666666666, ""passed"": true}, ""presence_freq"": {""value"": 1.0, ""threshold"": 0.75, ""passed"": true}, ""directional_mean_ret"": {""value"": 0.337635596593221, ""threshold"": 0.0, ""passed"": true}, ""hurdle_excess"": {""value"": 0.3375441199181867, ""threshold"": 0.0, ""passed"": true}, ""min_support_actual"": {""value"": 720, ""threshold"": 50, ""passed"": true}, ""is_structurally_sound"": {""value"": false, ""passed"": false}, ""trade_path_quality_score"": {""value"": 1.1459161527454856e-10, ""threshold"": 0.0, ""passed"": true}}, ""failures"": [""structural_soundness_fail: ""], ""warnings"": [], ""classification"": ""research""}",0.0,0.0,0.21065016193450287,production,production,False,False,0.1
(*)|(loc_dist_ema20_atr_ts_top20==1&loc_dist_ema20_atr_ts_top40==0&loc_dist_ema20_atr_ts_top50==0)|(reg_atr_change_rate_ts_top30==1&reg_atr_change_rate_ts_top70==0),*,loc_dist_ema20_atr_ts_top20==1&loc_dist_ema20_atr_ts_top40==0&loc_dist_ema20_atr_ts_top50==0,reg_atr_change_rate_ts_top30==1&reg_atr_change_rate_ts_top70==0,-0.337635596593221,0.337635596593221,0.028606569252475813,0.2836647133032481,0.08449382716049382,0.022710788440713406,1.0,1.0,0.5266272189349113,720,,,0.000695550800190195,-0.009839387024319596,0.020666866495809785,0.021216146472509783,,0.6666666666666666,,,,0.04997099666805594,,0.18617709530631757,0.1196502910140574,0.23800953625546203,1.1459161527454856e-10,0.00063286777164906,0.01,0.01,0.01,0.01,0.011459161527454853,0.0037846639442761934,0.0037846639442761934,9.147667503429356e-05,-0.3377270732682553,3,1,1,5,5,stage_a_context,,short,5-way,True,,production,production,,,0.013841488289609924,0.751901234567901,primary_target,0,ranking,research,"{""checks"": {""n_folds"": {""value"": 3, ""threshold"": 3, ""passed"": true}, ""healthy_fold_count"": {""value"": 3, ""threshold"": 2, ""passed"": true}, ""healthy_fold_ratio"": {""value"": 1.0, ""threshold"": 0.6666666666666666, ""passed"": true}, ""presence_freq"": {""value"": 1.0, ""threshold"": 0.75, ""passed"": true}, ""directional_mean_ret"": {""value"": 0.337635596593221, ""threshold"": 0.0, ""passed"": true}, ""hurdle_excess"": {""value"": 0.3375441199181867, ""threshold"": 0.0, ""passed"": true}, ""min_support_actual"": {""value"": 720, ""threshold"": 50, ""passed"": true}, ""is_structurally_sound"": {""value"": false, ""passed"": false}, ""trade_path_quality_score"": {""value"": 1.1459161527454856e-10, ""threshold"": 0.0, ""passed"": true}}, ""failures"": [""structural_soundness_fail: ""], ""warnings"": [], ""classification"": ""research""}",0.0,0.0,0.44827491418738225,production,production,False,False,0.1
(*)|(loc_dist_ema20_atr_ts_top20==1&loc_dist_ema20_atr_ts_top30==1)|(reg_atr_change_rate_ts_top40==0&reg_atr_change_rate_ts_top50==0&reg_atr_change_rate_ts_top60==0),*,loc_dist_ema20_atr_ts_top20==1&loc_dist_ema20_atr_ts_top30==1,reg_atr_change_rate_ts_top40==0&reg_atr_change_rate_ts_top50==0&reg_atr_change_rate_ts_top60==0,-0.337635596593221,0.337635596593221,0.028606569252475813,0.2836647133032481,0.08449382716049382,0.022710788440713406,1.0,1.0,0.5266272189349113,720,,,0.000695550800190195,-0.009839387024319596,0.020666866495809785,0.021216146472509783,,0.6666666666666666,,,,0.04997099666805594,,0.18617709530631757,0.1196502910140574,0.23800953625546203,1.1459161527454856e-10,0.00063286777164906,0.01,0.01,0.01,0.01,0.011459161527454853,0.0037846639442761934,0.0037846639442761934,9.147667503429356e-05,-0.3377270732682553,3,1,1,5,5,stage_a_context,,short,5-way,True,,production,production,,,0.013841488289609924,0.751901234567901,primary_target,0,ranking,research,"{""checks"": {""n_folds"": {""value"": 3, ""threshold"": 3, ""passed"": true}, ""healthy_fold_count"": {""value"": 3, ""threshold"": 2, ""passed"": true}, ""healthy_fold_ratio"": {""value"": 1.0, ""threshold"": 0.6666666666666666, ""passed"": true}, ""presence_freq"": {""value"": 1.0, ""threshold"": 0.75, ""passed"": true}, ""directional_mean_ret"": {""value"": 0.337635596593221, ""threshold"": 0.0, ""passed"": true}, ""hurdle_excess"": {""value"": 0.3375441199181867, ""threshold"": 0.0, ""passed"": true}, ""min_support_actual"": {""value"": 720, ""threshold"": 50, ""passed"": true}, ""is_structurally_sound"": {""value"": false, ""passed"": false}, ""trade_path_quality_score"": {""value"": 1.1459161527454856e-10, ""threshold"": 0.0, ""passed"": true}}, ""failures"": [""structural_soundness_fail: ""], ""warnings"": [], ""classification"": ""research""}",0.0,0.0,0.7528221971670707,production,production,False,False,0.1
(*)|(loc_dist_ema20_atr_ts_bot50==1&loc_dist_ema20_atr_ts_top40==0)|(reg_atr_change_rate_ts_band25_75==1&reg_atr_change_rate_ts_top20==1&reg_atr_change_rate_ts_top30==1&reg_atr_change_rate_ts_top70==0),*,loc_dist_ema20_atr_ts_bot50==1&loc_dist_ema20_atr_ts_top40==0,reg_atr_change_rate_ts_band25_75==1&reg_atr_change_rate_ts_top20==1&reg_atr_change_rate_ts_top30==1&reg_atr_change_rate_ts_top70==0,-0.337635596593221,0.337635596593221,0.028606569252475813,0.2836647133032481,0.08449382716049382,0.022710788440713406,1.0,1.0,0.5266272189349113,720,,,0.000695550800190195,-0.009839387024319596,0.020666866495809785,0.021216146472509783,,0.6666666666666666,,,,0.04997099666805594,,0.18617709530631757,0.1196502910140574,0.23800953625546203,1.1459161527454856e-10,0.00063286777164906,0.01,0.01,0.01,0.01,0.011459161527454853,0.0037846639442761934,0.0037846639442761934,9.147667503429356e-05,-0.3377270732682553,3,1,1,6,6,stage_a_context,,short,6-way,True,,production,production,,,0.013841488289609924,0.751901234567901,primary_target,0,ranking,research,"{""checks"": {""n_folds"": {""value"": 3, ""threshold"": 3, ""passed"": true}, ""healthy_fold_count"": {""value"": 3, ""threshold"": 2, ""passed"": true}, ""healthy_fold_ratio"": {""value"": 1.0, ""threshold"": 0.6666666666666666, ""passed"": true}, ""presence_freq"": {""value"": 1.0, ""threshold"": 0.75, ""passed"": true}, ""directional_mean_ret"": {""value"": 0.337635596593221, ""threshold"": 0.0, ""passed"": true}, ""hurdle_excess"": {""value"": 0.3375441199181867, ""threshold"": 0.0, ""passed"": true}, ""min_support_actual"": {""value"": 720, ""threshold"": 50, ""passed"": true}, ""is_structurally_sound"": {""value"": false, ""passed"": false}, ""trade_path_quality_score"": {""value"": 1.1459161527454856e-10, ""threshold"": 0.0, ""passed"": true}}, ""failures"": [""structural_soundness_fail: ""], ""warnings"": [], ""classification"": ""research""}",0.0,0.0,0.6328753444559252,production,production,False,False,0.1
(*)|(loc_dist_ema20_atr_ts_bot50==1&loc_dist_ema20_atr_ts_top40==0&loc_dist_ema20_atr_ts_top60==0)|(reg_atr_change_rate_ts_band25_75==1&reg_atr_change_rate_ts_top20==1&reg_atr_change_rate_ts_top30==1),*,loc_dist_ema20_atr_ts_bot50==1&loc_dist_ema20_atr_ts_top40==0&loc_dist_ema20_atr_ts_top60==0,reg_atr_change_rate_ts_band25_75==1&reg_atr_change_rate_ts_top20==1&reg_atr_change_rate_ts_top30==1,-0.337635596593221,0.337635596593221,0.028606569252475813,0.2836647133032481,0.08449382716049382,0.022710788440713406,1.0,1.0,0.5266272189349113,720,,,0.000695550800190195,-0.009839387024319596,0.020666866495809785,0.021216146472509783,,0.6666666666666666,,,,0.04997099666805594,,0.18617709530631757,0.1196502910140574,0.23800953625546203,1.1459161527454856e-10,0.00063286777164906,0.01,0.01,0.01,0.01,0.011459161527454853,0.0037846639442761934,0.0037846639442761934,9.147667503429356e-05,-0.3377270732682553,3,1,1,6,6,stage_a_context,,short,6-way,True,,production,production,,,0.013841488289609924,0.751901234567901,primary_target,0,ranking,research,"{""checks"": {""n_folds"": {""value"": 3, ""threshold"": 3, ""passed"": true}, ""healthy_fold_count"": {""value"": 3, ""threshold"": 2, ""passed"": true}, ""healthy_fold_ratio"": {""value"": 1.0, ""threshold"": 0.6666666666666666, ""passed"": true}, ""presence_freq"": {""value"": 1.0, ""threshold"": 0.75, ""passed"": true}, ""directional_mean_ret"": {""value"": 0.337635596593221, ""threshold"": 0.0, ""passed"": true}, ""hurdle_excess"": {""value"": 0.3375441199181867, ""threshold"": 0.0, ""passed"": true}, ""min_support_actual"": {""value"": 720, ""threshold"": 50, ""passed"": true}, ""is_structurally_sound"": {""value"": false, ""passed"": false}, ""trade_path_quality_score"": {""value"": 1.1459161527454856e-10, ""threshold"": 0.0, ""passed"": true}}, ""failures"": [""structural_soundness_fail: ""], ""warnings"": [], ""classification"": ""research""}",0.0,0.0,0.5612449500936086,production,production,False,False,0.1
(*)|(loc_dist_ema20_atr_ts_bot40==1&loc_dist_ema20_atr_ts_top60==0)|(reg_atr_change_rate_ts_band30_70==1&reg_atr_change_rate_ts_top20==1&reg_atr_change_rate_ts_top50==0),*,loc_dist_ema20_atr_ts_bot40==1&loc_dist_ema20_atr_ts_top60==0,reg_atr_change_rate_ts_band30_70==1&reg_atr_change_rate_ts_top20==1&reg_atr_change_rate_ts_top50==0,-0.337635596593221,0.337635596593221,0.028606569252475813,0.2836647133032481,0.08449382716049382,0.022710788440713406,1.0,1.0,0.5266272189349113,720,,,0.000695550800190195,-0.009839387024319596,0.020666866495809785,0.021216146472509783,,0.6666666666666666,,,,0.04997099666805594,,0.18617709530631757,0.1196502910140574,0.23800953625546203,1.1459161527454856e-10,0.00063286777164906,0.01,0.01,0.01,0.01,0.011459161527454853,0.0037846639442761934,0.0037846639442761934,9.147667503429356e-05,-0.3377270732682553,3,2,2,5,5,stage_a_context,,short,5-way,True,,production,production,,,0.013841488289609924,0.751901234567901,primary_target,0,ranking,research,"{""checks"": {""n_folds"": {""value"": 3, ""threshold"": 3, ""passed"": true}, ""healthy_fold_count"": {""value"": 3, ""threshold"": 2, ""passed"": true}, ""healthy_fold_ratio"": {""value"": 1.0, ""threshold"": 0.6666666666666666, ""passed"": true}, ""presence_freq"": {""value"": 1.0, ""threshold"": 0.75, ""passed"": true}, ""directional_mean_ret"": {""value"": 0.337635596593221, ""threshold"": 0.0, ""passed"": true}, ""hurdle_excess"": {""value"": 0.3375441199181867, ""threshold"": 0.0, ""passed"": true}, ""min_support_actual"": {""value"": 720, ""threshold"": 50, ""passed"": true}, ""is_structurally_sound"": {""value"": false, ""passed"": false}, ""trade_path_quality_score"": {""value"": 1.1459161527454856e-10, ""threshold"": 0.0, ""passed"": true}}, ""failures"": [""structural_soundness_fail: ""], ""warnings"": [], ""classification"": ""research""}",0.0,0.0,0.5815029101753901,production,production,False,False,0.1
(*)|(loc_dist_ema20_atr_ts_bot30==0)|(reg_atr_change_rate_ts_band25_75==1&reg_atr_change_rate_ts_top20==1&reg_atr_change_rate_ts_top40==0&reg_atr_change_rate_ts_top50==0),*,loc_dist_ema20_atr_ts_bot30==0,reg_atr_change_rate_ts_band25_75==1&reg_atr_change_rate_ts_top20==1&reg_atr_change_rate_ts_top40==0&reg_atr_change_rate_ts_top50==0,-0.337635596593221,0.337635596593221,0.028606569252475813,0.2836647133032481,0.08449382716049382,0.022710788440713406,1.0,1.0,0.5266272189349113,720,,,0.000695550800190195,-0.009839387024319596,0.020666866495809785,0.021216146472509783,,0.6666666666666666,,,,0.04997099666805594,,0.18617709530631757,0.1196502910140574,0.23800953625546203,1.1459161527454856e-10,0.00063286777164906,0.01,0.01,0.01,0.01,0.011459161527454853,0.0037846639442761934,0.0037846639442761934,9.147667503429356e-05,-0.3377270732682553,3,1,1,5,5,stage_a_context,,short,5-way,True,,production,production,,,0.013841488289609924,0.751901234567901,primary_target,0,ranking,research,"{""checks"": {""n_folds"": {""value"": 3, ""threshold"": 3, ""passed"": true}, ""healthy_fold_count"": {""value"": 3, ""threshold"": 2, ""passed"": true}, ""healthy_fold_ratio"": {""value"": 1.0, ""threshold"": 0.6666666666666666, ""passed"": true}, ""presence_freq"": {""value"": 1.0, ""threshold"": 0.75, ""passed"": true}, ""directional_mean_ret"": {""value"": 0.337635596593221, ""threshold"": 0.0, ""passed"": true}, ""hurdle_excess"": {""value"": 0.3375441199181867, ""threshold"": 0.0, ""passed"": true}, ""min_support_actual"": {""value"": 720, ""threshold"": 50, ""passed"": true}, ""is_structurally_sound"": {""value"": false, ""passed"": false}, ""trade_path_quality_score"": {""value"": 1.1459161527454856e-10, ""threshold"": 0.0, ""passed"": true}}, ""failures"": [""structural_soundness_fail: ""], ""warnings"": [], ""classification"": ""research""}",0.0,0.0,0.3560314309983481,production,production,False,False,0.1
(*)|(loc_dist_ema20_atr_ts_top20==1&loc_dist_ema20_atr_ts_top30==1)|(reg_atr_change_rate_ts_top40==0&reg_atr_change_rate_ts_top50==0&reg_atr_change_rate_ts_top60==0&reg_atr_change_rate_ts_top70==0),*,loc_dist_ema20_atr_ts_top20==1&loc_dist_ema20_atr_ts_top30==1,reg_atr_change_rate_ts_top40==0&reg_atr_change_rate_ts_top50==0&reg_atr_change_rate_ts_top60==0&reg_atr_change_rate_ts_top70==0,-0.337635596593221,0.337635596593221,0.028606569252475813,0.2836647133032481,0.08449382716049382,0.022710788440713406,1.0,1.0,0.5266272189349113,720,,,0.000695550800190195,-0.009839387024319596,0.020666866495809785,0.021216146472509783,,0.6666666666666666,,,,0.04997099666805594,,0.18617709530631757,0.1196502910140574,0.23800953625546203,1.1459161527454856e-10,0.00063286777164906,0.01,0.01,0.01,0.01,0.011459161527454853,0.0037846639442761934,0.0037846639442761934,9.147667503429356e-05,-0.3377270732682553,3,1,1,6,6,stage_a_context,,short,6-way,True,,production,production,,,0.013841488289609924,0.751901234567901,primary_target,0,ranking,research,"{""checks"": {""n_folds"": {""value"": 3, ""threshold"": 3, ""passed"": true}, ""healthy_fold_count"": {""value"": 3, ""threshold"": 2, ""passed"": true}, ""healthy_fold_ratio"": {""value"": 1.0, ""threshold"": 0.6666666666666666, ""passed"": true}, ""presence_freq"": {""value"": 1.0, ""threshold"": 0.75, ""passed"": true}, ""directional_mean_ret"": {""value"": 0.337635596593221, ""threshold"": 0.0, ""passed"": true}, ""hurdle_excess"": {""value"": 0.3375441199181867, ""threshold"": 0.0, ""passed"": true}, ""min_support_actual"": {""value"": 720, ""threshold"": 50, ""passed"": true}, ""is_structurally_sound"": {""value"": false, ""passed"": false}, ""trade_path_quality_score"": {""value"": 1.1459161527454856e-10, ""threshold"": 0.0, ""passed"": true}}, ""failures"": [""structural_soundness_fail: ""], ""warnings"": [], ""classification"": ""research""}",0.0,0.0,0.7806271059342885,production,production,False,False,0.1
(*)|(loc_dist_ema20_atr_ts_bot20==0)|(reg_atr_change_rate_ts_band25_75==1&reg_atr_change_rate_ts_bot40==1&reg_atr_change_rate_ts_top30==1),*,loc_dist_ema20_atr_ts_bot20==0,reg_atr_change_rate_ts_band25_75==1&reg_atr_change_rate_ts_bot40==1&reg_atr_change_rate_ts_top30==1,-0.337635596593221,0.337635596593221,0.028606569252475813,0.2836647133032481,0.08449382716049382,0.022710788440713406,1.0,1.0,0.5266272189349113,720,,,0.000695550800190195,-0.009839387024319596,0.020666866495809785,0.021216146472509783,,0.6666666666666666,,,,0.04997099666805594,,0.18617709530631757,0.1196502910140574,0.23800953625546203,1.1459161527454856e-10,0.00063286777164906,0.01,0.01,0.01,0.01,0.011459161527454853,0.0037846639442761934,0.0037846639442761934,9.147667503429356e-05,-0.3377270732682553,3,1,1,4,4,stage_a_context,,short,4-way,True,,production,production,,,0.013841488289609924,0.751901234567901,primary_target,0,ranking,research,"{""checks"": {""n_folds"": {""value"": 3, ""threshold"": 3, ""passed"": true}, ""healthy_fold_count"": {""value"": 3, ""threshold"": 2, ""passed"": true}, ""healthy_fold_ratio"": {""value"": 1.0, ""threshold"": 0.6666666666666666, ""passed"": true}, ""presence_freq"": {""value"": 1.0, ""threshold"": 0.75, ""passed"": true}, ""directional_mean_ret"": {""value"": 0.337635596593221, ""threshold"": 0.0, ""passed"": true}, ""hurdle_excess"": {""value"": 0.3375441199181867, ""threshold"": 0.0, ""passed"": true}, ""min_support_actual"": {""value"": 720, ""threshold"": 50, ""passed"": true}, ""is_structurally_sound"": {""value"": false, ""passed"": false}, ""trade_path_quality_score"": {""value"": 1.1459161527454856e-10, ""threshold"": 0.0, ""passed"": true}}, ""failures"": [""structural_soundness_fail: ""], ""warnings"": [], ""classification"": ""research""}",0.0,0.0,0.3744315585592792,production,production,False,False,0.1
(*)|(loc_dist_ema20_atr_ts_bot20==0&loc_dist_ema20_atr_ts_bot30==0)|(reg_atr_change_rate_ts_bot40==1&reg_atr_change_rate_ts_bot70==1&reg_atr_change_rate_ts_top50==0),*,loc_dist_ema20_atr_ts_bot20==0&loc_dist_ema20_atr_ts_bot30==0,reg_atr_change_rate_ts_bot40==1&reg_atr_change_rate_ts_bot70==1&reg_atr_change_rate_ts_top50==0,-0.337635596593221,0.337635596593221,0.028606569252475813,0.2836647133032481,0.08449382716049382,0.022710788440713406,1.0,1.0,0.5266272189349113,720,,,0.000695550800190195,-0.009839387024319596,0.020666866495809785,0.021216146472509783,,0.6666666666666666,,,,0.04997099666805594,,0.18617709530631757,0.1196502910140574,0.23800953625546203,1.1459161527454856e-10,0.00063286777164906,0.01,0.01,0.01,0.01,0.011459161527454853,0.0037846639442761934,0.0037846639442761934,9.147667503429356e-05,-0.3377270732682553,3,1,1,5,5,stage_a_context,,short,5-way,True,,production,production,,,0.013841488289609924,0.751901234567901,primary_target,0,ranking,research,"{""checks"": {""n_folds"": {""value"": 3, ""threshold"": 3, ""passed"": true}, ""healthy_fold_count"": {""value"": 3, ""threshold"": 2, ""passed"": true}, ""healthy_fold_ratio"": {""value"": 1.0, ""threshold"": 0.6666666666666666, ""passed"": true}, ""presence_freq"": {""value"": 1.0, ""threshold"": 0.75, ""passed"": true}, ""directional_mean_ret"": {""value"": 0.337635596593221, ""threshold"": 0.0, ""passed"": true}, ""hurdle_excess"": {""value"": 0.3375441199181867, ""threshold"": 0.0, ""passed"": true}, ""min_support_actual"": {""value"": 720, ""threshold"": 50, ""passed"": true}, ""is_structurally_sound"": {""value"": false, ""passed"": false}, ""trade_path_quality_score"": {""value"": 1.1459161527454856e-10, ""threshold"": 0.0, ""passed"": true}}, ""failures"": [""structural_soundness_fail: ""], ""warnings"": [], ""classification"": ""research""}",0.0,0.0,0.5186642337151457,production,production,False,False,0.1
(*)|(loc_dist_ema20_atr_ts_band40_60==0&loc_dist_ema20_atr_ts_top40==0)|(reg_atr_change_rate_ts_band30_70==1&reg_atr_change_rate_ts_top20==1),*,loc_dist_ema20_atr_ts_band40_60==0&loc_dist_ema20_atr_ts_top40==0,reg_atr_change_rate_ts_band30_70==1&reg_atr_change_rate_ts_top20==1,-0.337635596593221,0.337635596593221,0.028606569252475813,0.2836647133032481,0.08449382716049382,0.022710788440713406,1.0,1.0,0.5266272189349113,720,,,0.000695550800190195,-0.009839387024319596,0.020666866495809785,0.021216146472509783,,0.6666666666666666,,,,0.04997099666805594,,0.18617709530631757,0.1196502910140574,0.23800953625546203,1.1459161527454856e-10,0.00063286777164906,0.01,0.01,0.01,0.01,0.011459161527454853,0.0037846639442761934,0.0037846639442761934,9.147667503429356e-05,-0.3377270732682553,3,1,1,4,4,stage_a_context,,short,4-way,True,,production,production,,,0.013841488289609924,0.751901234567901,primary_target,0,ranking,research,"{""checks"": {""n_folds"": {""value"": 3, ""threshold"": 3, ""passed"": true}, ""healthy_fold_count"": {""value"": 3, ""threshold"": 2, ""passed"": true}, ""healthy_fold_ratio"": {""value"": 1.0, ""threshold"": 0.6666666666666666, ""passed"": true}, ""presence_freq"": {""value"": 1.0, ""threshold"": 0.75, ""passed"": true}, ""directional_mean_ret"": {""value"": 0.337635596593221, ""threshold"": 0.0, ""passed"": true}, ""hurdle_excess"": {""value"": 0.3375441199181867, ""threshold"": 0.0, ""passed"": true}, ""min_support_actual"": {""value"": 720, ""threshold"": 50, ""passed"": true}, ""is_structurally_sound"": {""value"": false, ""passed"": false}, ""trade_path_quality_score"": {""value"": 1.1459161527454856e-10, ""threshold"": 0.0, ""passed"": true}}, ""failures"": [""structural_soundness_fail: ""], ""warnings"": [], ""classification"": ""research""}",0.0,0.0,0.6015773616784575,production,production,False,False,0.1
(*)|(loc_dist_ema20_atr_ts_bot20==0&loc_dist_ema20_atr_ts_top50==0)|(reg_atr_change_rate_ts_band30_70==1&reg_atr_change_rate_ts_top40==0&reg_atr_change_rate_ts_top60==0),*,loc_dist_ema20_atr_ts_bot20==0&loc_dist_ema20_atr_ts_top50==0,reg_atr_change_rate_ts_band30_70==1&reg_atr_change_rate_ts_top40==0&reg_atr_change_rate_ts_top60==0,-0.337635596593221,0.337635596593221,0.028606569252475813,0.2836647133032481,0.08449382716049382,0.022710788440713406,1.0,1.0,0.5266272189349113,720,,,0.000695550800190195,-0.009839387024319596,0.020666866495809785,0.021216146472509783,,0.6666666666666666,,,,0.04997099666805594,,0.18617709530631757,0.1196502910140574,0.23800953625546203,1.1459161527454856e-10,0.00063286777164906,0.01,0.01,0.01,0.01,0.011459161527454853,0.0037846639442761934,0.0037846639442761934,9.147667503429356e-05,-0.3377270732682553,3,1,1,5,5,stage_a_context,,short,5-way,True,,production,production,,,0.013841488289609924,0.751901234567901,primary_target,0,ranking,research,"{""checks"": {""n_folds"": {""value"": 3, ""threshold"": 3, ""passed"": true}, ""healthy_fold_count"": {""value"": 3, ""threshold"": 2, ""passed"": true}, ""healthy_fold_ratio"": {""value"": 1.0, ""threshold"": 0.6666666666666666, ""passed"": true}, ""presence_freq"": {""value"": 1.0, ""threshold"": 0.75, ""passed"": true}, ""directional_mean_ret"": {""value"": 0.337635596593221, ""threshold"": 0.0, ""passed"": true}, ""hurdle_excess"": {""value"": 0.3375441199181867, ""threshold"": 0.0, ""passed"": true}, ""min_support_actual"": {""value"": 720, ""threshold"": 50, ""passed"": true}, ""is_structurally_sound"": {""value"": false, ""passed"": false}, ""trade_path_quality_score"": {""value"": 1.1459161527454856e-10, ""threshold"": 0.0, ""passed"": true}}, ""failures"": [""structural_soundness_fail: ""], ""warnings"": [], ""classification"": ""research""}",0.0,0.0,0.4722655017884311,production,production,False,False,0.1
(*)|(loc_dist_ema20_atr_ts_band40_60==0)|(reg_atr_change_rate_ts_band25_75==1&reg_atr_change_rate_ts_bot70==1&reg_atr_change_rate_ts_top20==1&reg_atr_change_rate_ts_top30==1&reg_atr_change_rate_ts_top40==0),*,loc_dist_ema20_atr_ts_band40_60==0,reg_atr_change_rate_ts_band25_75==1&reg_atr_change_rate_ts_bot70==1&reg_atr_change_rate_ts_top20==1&reg_atr_change_rate_ts_top30==1&reg_atr_change_rate_ts_top40==0,-0.337635596593221,0.337635596593221,0.028606569252475813,0.2836647133032481,0.08449382716049382,0.022710788440713406,1.0,1.0,0.5266272189349113,720,,,0.000695550800190195,-0.009839387024319596,0.020666866495809785,0.021216146472509783,,0.6666666666666666,,,,0.04997099666805594,,0.18617709530631757,0.1196502910140574,0.23800953625546203,1.1459161527454856e-10,0.00063286777164906,0.01,0.01,0.01,0.01,0.011459161527454853,0.0037846639442761934,0.0037846639442761934,9.147667503429356e-05,-0.3377270732682553,3,1,1,6,6,stage_a_context,,short,6-way,True,,production,production,,,0.013841488289609924,0.751901234567901,primary_target,0,ranking,research,"{""checks"": {""n_folds"": {""value"": 3, ""threshold"": 3, ""passed"": true}, ""healthy_fold_count"": {""value"": 3, ""threshold"": 2, ""passed"": true}, ""healthy_fold_ratio"": {""value"": 1.0, ""threshold"": 0.6666666666666666, ""passed"": true}, ""presence_freq"": {""value"": 1.0, ""threshold"": 0.75, ""passed"": true}, ""directional_mean_ret"": {""value"": 0.337635596593221, ""threshold"": 0.0, ""passed"": true}, ""hurdle_excess"": {""value"": 0.3375441199181867, ""threshold"": 0.0, ""passed"": true}, ""min_support_actual"": {""value"": 720, ""threshold"": 50, ""passed"": true}, ""is_structurally_sound"": {""value"": false, ""passed"": false}, ""trade_path_quality_score"": {""value"": 1.1459161527454856e-10, ""threshold"": 0.0, ""passed"": true}}, ""failures"": [""structural_soundness_fail: ""], ""warnings"": [], ""classification"": ""research""}",0.0,0.0,0.4570928173875348,production,production,False,False,0.1
(*)|(loc_dist_ema20_atr_ts_band30_70==1)|(reg_atr_change_rate_ts_top20==1&reg_atr_change_rate_ts_top40==0&reg_atr_change_rate_ts_top60==0),*,loc_dist_ema20_atr_ts_band30_70==1,reg_atr_change_rate_ts_top20==1&reg_atr_change_rate_ts_top40==0&reg_atr_change_rate_ts_top60==0,-0.337635596593221,0.337635596593221,0.028606569252475813,0.2836647133032481,0.08449382716049382,0.022710788440713406,1.0,1.0,0.5266272189349113,720,,,0.000695550800190195,-0.009839387024319596,0.020666866495809785,0.021216146472509783,,0.6666666666666666,,,,0.04997099666805594,,0.18617709530631757,0.1196502910140574,0.23800953625546203,1.1459161527454856e-10,0.00063286777164906,0.01,0.01,0.01,0.01,0.011459161527454853,0.0037846639442761934,0.0037846639442761934,9.147667503429356e-05,-0.3377270732682553,3,2,2,4,4,stage_a_context,,short,4-way,True,,production,production,,,0.013841488289609924,0.751901234567901,primary_target,0,ranking,research,"{""checks"": {""n_folds"": {""value"": 3, ""threshold"": 3, ""passed"": true}, ""healthy_fold_count"": {""value"": 3, ""threshold"": 2, ""passed"": true}, ""healthy_fold_ratio"": {""value"": 1.0, ""threshold"": 0.6666666666666666, ""passed"": true}, ""presence_freq"": {""value"": 1.0, ""threshold"": 0.75, ""passed"": true}, ""directional_mean_ret"": {""value"": 0.337635596593221, ""threshold"": 0.0, ""passed"": true}, ""hurdle_excess"": {""value"": 0.3375441199181867, ""threshold"": 0.0, ""passed"": true}, ""min_support_actual"": {""value"": 720, ""threshold"": 50, ""passed"": true}, ""is_structurally_sound"": {""value"": false, ""passed"": false}, ""trade_path_quality_score"": {""value"": 1.1459161527454856e-10, ""threshold"": 0.0, ""passed"": true}}, ""failures"": [""structural_soundness_fail: ""], ""warnings"": [], ""classification"": ""research""}",0.0,0.0,0.3993749870387887,production,production,False,False,0.1
(*)|(loc_dist_ema20_atr_ts_bot20==0&loc_dist_ema20_atr_ts_bot30==0)|(reg_atr_change_rate_ts_bot40==1&reg_atr_change_rate_ts_bot80==1&reg_atr_change_rate_ts_top60==0),*,loc_dist_ema20_atr_ts_bot20==0&loc_dist_ema20_atr_ts_bot30==0,reg_atr_change_rate_ts_bot40==1&reg_atr_change_rate_ts_bot80==1&reg_atr_change_rate_ts_top60==0,-0.337635596593221,0.337635596593221,0.028606569252475813,0.2836647133032481,0.08449382716049382,0.022710788440713406,1.0,1.0,0.5266272189349113,720,,,0.000695550800190195,-0.009839387024319596,0.020666866495809785,0.021216146472509783,,0.6666666666666666,,,,0.04997099666805594,,0.18617709530631757,0.1196502910140574,0.23800953625546203,1.1459161527454856e-10,0.00063286777164906,0.01,0.01,0.01,0.01,0.011459161527454853,0.0037846639442761934,0.0037846639442761934,9.147667503429356e-05,-0.3377270732682553,3,1,1,5,5,stage_a_context,,short,5-way,True,,production,production,,,0.013841488289609924,0.751901234567901,primary_target,0,ranking,research,"{""checks"": {""n_folds"": {""value"": 3, ""threshold"": 3, ""passed"": true}, ""healthy_fold_count"": {""value"": 3, ""threshold"": 2, ""passed"": true}, ""healthy_fold_ratio"": {""value"": 1.0, ""threshold"": 0.6666666666666666, ""passed"": true}, ""presence_freq"": {""value"": 1.0, ""threshold"": 0.75, ""passed"": true}, ""directional_mean_ret"": {""value"": 0.337635596593221, ""threshold"": 0.0, ""passed"": true}, ""hurdle_excess"": {""value"": 0.3375441199181867, ""threshold"": 0.0, ""passed"": true}, ""min_support_actual"": {""value"": 720, ""threshold"": 50, ""passed"": true}, ""is_structurally_sound"": {""value"": false, ""passed"": false}, ""trade_path_quality_score"": {""value"": 1.1459161527454856e-10, ""threshold"": 0.0, ""passed"": true}}, ""failures"": [""structural_soundness_fail: ""], ""warnings"": [], ""classification"": ""research""}",0.0,0.0,0.46903796320494273,production,production,False,False,0.1
(*)|(loc_dist_ema20_atr_ts_bot20==0&loc_dist_ema20_atr_ts_bot30==0)|(reg_atr_change_rate_ts_bot40==1&reg_atr_change_rate_ts_top50==0&reg_atr_change_rate_ts_top60==0),*,loc_dist_ema20_atr_ts_bot20==0&loc_dist_ema20_atr_ts_bot30==0,reg_atr_change_rate_ts_bot40==1&reg_atr_change_rate_ts_top50==0&reg_atr_change_rate_ts_top60==0,-0.337635596593221,0.337635596593221,0.028606569252475813,0.2836647133032481,0.08449382716049382,0.022710788440713406,1.0,1.0,0.5266272189349113,720,,,0.000695550800190195,-0.009839387024319596,0.020666866495809785,0.021216146472509783,,0.6666666666666666,,,,0.04997099666805594,,0.18617709530631757,0.1196502910140574,0.23800953625546203,1.1459161527454856e-10,0.00063286777164906,0.01,0.01,0.01,0.01,0.011459161527454853,0.0037846639442761934,0.0037846639442761934,9.147667503429356e-05,-0.3377270732682553,3,1,1,5,5,stage_a_context,,short,5-way,True,,production,production,,,0.013841488289609924,0.751901234567901,primary_target,0,ranking,research,"{""checks"": {""n_folds"": {""value"": 3, ""threshold"": 3, ""passed"": true}, ""healthy_fold_count"": {""value"": 3, ""threshold"": 2, ""passed"": true}, ""healthy_fold_ratio"": {""value"": 1.0, ""threshold"": 0.6666666666666666, ""passed"": true}, ""presence_freq"": {""value"": 1.0, ""threshold"": 0.75, ""passed"": true}, ""directional_mean_ret"": {""value"": 0.337635596593221, ""threshold"": 0.0, ""passed"": true}, ""hurdle_excess"": {""value"": 0.3375441199181867, ""threshold"": 0.0, ""passed"": true}, ""min_support_actual"": {""value"": 720, ""threshold"": 50, ""passed"": true}, ""is_structurally_sound"": {""value"": false, ""passed"": false}, ""trade_path_quality_score"": {""value"": 1.1459161527454856e-10, ""threshold"": 0.0, ""passed"": true}}, ""failures"": [""structural_soundness_fail: ""], ""warnings"": [], ""classification"": ""research""}",0.0,0.0,0.44835789419938804,production,production,False,False,0.1
(*)|(loc_dist_ema20_atr_ts_bot20==0&loc_dist_ema20_atr_ts_top30==1&loc_dist_ema20_atr_ts_top50==0)|(reg_atr_change_rate_ts_top40==0&reg_atr_change_rate_ts_top60==0),*,loc_dist_ema20_atr_ts_bot20==0&loc_dist_ema20_atr_ts_top30==1&loc_dist_ema20_atr_ts_top50==0,reg_atr_change_rate_ts_top40==0&reg_atr_change_rate_ts_top60==0,-0.337635596593221,0.337635596593221,0.028606569252475813,0.2836647133032481,0.08449382716049382,0.022710788440713406,1.0,1.0,0.5266272189349113,720,,,0.000695550800190195,-0.009839387024319596,0.020666866495809785,0.021216146472509783,,0.6666666666666666,,,,0.04997099666805594,,0.18617709530631757,0.1196502910140574,0.23800953625546203,1.1459161527454856e-10,0.00063286777164906,0.01,0.01,0.01,0.01,0.011459161527454853,0.0037846639442761934,0.0037846639442761934,9.147667503429356e-05,-0.3377270732682553,3,1,1,5,5,stage_a_context,,short,5-way,True,,production,production,,,0.013841488289609924,0.751901234567901,primary_target,0,ranking,research,"{""checks"": {""n_folds"": {""value"": 3, ""threshold"": 3, ""passed"": true}, ""healthy_fold_count"": {""value"": 3, ""threshold"": 2, ""passed"": true}, ""healthy_fold_ratio"": {""value"": 1.0, ""threshold"": 0.6666666666666666, ""passed"": true}, ""presence_freq"": {""value"": 1.0, ""threshold"": 0.75, ""passed"": true}, ""directional_mean_ret"": {""value"": 0.337635596593221, ""threshold"": 0.0, ""passed"": true}, ""hurdle_excess"": {""value"": 0.3375441199181867, ""threshold"": 0.0, ""passed"": true}, ""min_support_actual"": {""value"": 720, ""threshold"": 50, ""passed"": true}, ""is_structurally_sound"": {""value"": false, ""passed"": false}, ""trade_path_quality_score"": {""value"": 1.1459161527454856e-10, ""threshold"": 0.0, ""passed"": true}}, ""failures"": [""structural_soundness_fail: ""], ""warnings"": [], ""classification"": ""research""}",0.0,0.0,0.3901773340099299,production,production,False,False,0.1
(*)|(loc_dist_ema20_atr_ts_band30_70==1)|(reg_atr_change_rate_ts_top20==1&reg_atr_change_rate_ts_top60==1),*,loc_dist_ema20_atr_ts_band30_70==1,reg_atr_change_rate_ts_top20==1&reg_atr_change_rate_ts_top60==1,-0.3427436649799347,0.3427436649799347,0.020218267264526933,0.2871331175168355,0.12822222222222224,0.02047055051776157,1.0,1.0,0.5136054421768708,1361,,,-0.008190849442447566,-0.023033144910150537,-0.004717056829321204,0.00838834233181859,,0.3333333333333333,,,,0.01036087931924598,,0.16056636372242733,0.09218865976790092,0.1692922762448318,1.6080116853117946e-10,0.00031762454915123086,0.01,0.01,0.01,0.01,0.016080116853117943,0.003335078737132133,0.003335078737132133,7.000363395061728e-05,-0.3428136686138853,3,3,3,3,3,stage_a_context,,short,3-way,True,,production,production,,,9.337211666493594e-05,1.0,primary_target,0,ranking,research,"{""checks"": {""n_folds"": {""value"": 3, ""threshold"": 3, ""passed"": true}, ""healthy_fold_count"": {""value"": 3, ""threshold"": 2, ""passed"": true}, ""healthy_fold_ratio"": {""value"": 1.0, ""threshold"": 0.6666666666666666, ""passed"": true}, ""presence_freq"": {""value"": 1.0, ""threshold"": 0.75, ""passed"": true}, ""directional_mean_ret"": {""value"": 0.3427436649799347, ""threshold"": 0.0, ""passed"": true}, ""hurdle_excess"": {""value"": 0.3426736613459841, ""threshold"": 0.0, ""passed"": true}, ""min_support_actual"": {""value"": 1361, ""threshold"": 50, ""passed"": true}, ""is_structurally_sound"": {""value"": false, ""passed"": false}, ""trade_path_quality_score"": {""value"": 1.6080116853117946e-10, ""threshold"": 0.0, ""passed"": true}}, ""failures"": [""structural_soundness_fail: ""], ""warnings"": [], ""classification"": ""research""}",0.0,0.0,0.3053607975600441,production,production,False,False,0.3
(*)|(loc_dist_ema20_atr_ts_top60==1)|(reg_atr_change_rate_ts_band30_70==1&reg_atr_change_rate_ts_top20==1),*,loc_dist_ema20_atr_ts_top60==1,reg_atr_change_rate_ts_band30_70==1&reg_atr_change_rate_ts_top20==1,-0.3427436649799347,0.3427436649799347,0.020218267264526933,0.2871331175168355,0.12822222222222224,0.02047055051776157,1.0,1.0,0.5136054421768708,1361,,,-0.008190849442447566,-0.023033144910150537,-0.004717056829321204,0.00838834233181859,,0.3333333333333333,,,,0.01036087931924598,,0.16056636372242733,0.09218865976790092,0.1692922762448318,1.6080116853117946e-10,0.00031762454915123086,0.01,0.01,0.01,0.01,0.016080116853117943,0.003335078737132133,0.003335078737132133,7.000363395061728e-05,-0.3428136686138853,3,5,5,3,3,stage_a_context,,short,3-way,True,,production,production,,,9.337211666493594e-05,1.0,primary_target,0,ranking,research,"{""checks"": {""n_folds"": {""value"": 3, ""threshold"": 3, ""passed"": true}, ""healthy_fold_count"": {""value"": 3, ""threshold"": 2, ""passed"": true}, ""healthy_fold_ratio"": {""value"": 1.0, ""threshold"": 0.6666666666666666, ""passed"": true}, ""presence_freq"": {""value"": 1.0, ""threshold"": 0.75, ""passed"": true}, ""directional_mean_ret"": {""value"": 0.3427436649799347, ""threshold"": 0.0, ""passed"": true}, ""hurdle_excess"": {""value"": 0.3426736613459841, ""threshold"": 0.0, ""passed"": true}, ""min_support_actual"": {""value"": 1361, ""threshold"": 50, ""passed"": true}, ""is_structurally_sound"": {""value"": false, ""passed"": false}, ""trade_path_quality_score"": {""value"": 1.6080116853117946e-10, ""threshold"": 0.0, ""passed"": true}}, ""failures"": [""structural_soundness_fail: ""], ""warnings"": [], ""classification"": ""research""}",0.0,0.0,0.47939649353810304,production,production,False,False,0.3
(*)|(loc_dist_ema20_atr_ts_band30_70==1&loc_dist_ema20_atr_ts_top60==1)|(reg_atr_change_rate_ts_top20==1),*,loc_dist_ema20_atr_ts_band30_70==1&loc_dist_ema20_atr_ts_top60==1,reg_atr_change_rate_ts_top20==1,-0.3427436649799347,0.3427436649799347,0.020218267264526933,0.2871331175168355,0.12822222222222224,0.02047055051776157,1.0,1.0,0.5136054421768708,1361,,,-0.008190849442447566,-0.023033144910150537,-0.004717056829321204,0.00838834233181859,,0.3333333333333333,,,,0.01036087931924598,,0.16056636372242733,0.09218865976790092,0.1692922762448318,1.6080116853117946e-10,0.00031762454915123086,0.01,0.01,0.01,0.01,0.016080116853117943,0.003335078737132133,0.003335078737132133,7.000363395061728e-05,-0.3428136686138853,3,2,2,3,3,stage_a_context,,short,3-way,True,,production,production,,,9.337211666493594e-05,1.0,primary_target,0,ranking,research,"{""checks"": {""n_folds"": {""value"": 3, ""threshold"": 3, ""passed"": true}, ""healthy_fold_count"": {""value"": 3, ""threshold"": 2, ""passed"": true}, ""healthy_fold_ratio"": {""value"": 1.0, ""threshold"": 0.6666666666666666, ""passed"": true}, ""presence_freq"": {""value"": 1.0, ""threshold"": 0.75, ""passed"": true}, ""directional_mean_ret"": {""value"": 0.3427436649799347, ""threshold"": 0.0, ""passed"": true}, ""hurdle_excess"": {""value"": 0.3426736613459841, ""threshold"": 0.0, ""passed"": true}, ""min_support_actual"": {""value"": 1361, ""threshold"": 50, ""passed"": true}, ""is_structurally_sound"": {""value"": false, ""passed"": false}, ""trade_path_quality_score"": {""value"": 1.6080116853117946e-10, ""threshold"": 0.0, ""passed"": true}}, ""failures"": [""structural_soundness_fail: ""], ""warnings"": [], ""classification"": ""research""}",0.0,0.0,0.5273520156359268,production,production,False,False,0.3
(*)|(loc_dist_ema20_atr_ts_bot20==0)|(reg_atr_change_rate_ts_band30_70==1&reg_atr_change_rate_ts_top60==1),*,loc_dist_ema20_atr_ts_bot20==0,reg_atr_change_rate_ts_band30_70==1&reg_atr_change_rate_ts_top60==1,-0.3427436649799347,0.3427436649799347,0.020218267264526933,0.2871331175168355,0.12822222222222224,0.02047055051776157,1.0,1.0,0.5136054421768708,1361,,,-0.008190849442447566,-0.023033144910150537,-0.004717056829321204,0.00838834233181859,,0.3333333333333333,,,,0.01036087931924598,,0.16056636372242733,0.09218865976790092,0.1692922762448318,1.6080116853117946e-10,0.00031762454915123086,0.01,0.01,0.01,0.01,0.016080116853117943,0.003335078737132133,0.003335078737132133,7.000363395061728e-05,-0.3428136686138853,3,1,1,3,3,stage_a_context,,short,3-way,True,,production,production,,,9.337211666493594e-05,1.0,primary_target,0,ranking,research,"{""checks"": {""n_folds"": {""value"": 3, ""threshold"": 3, ""passed"": true}, ""healthy_fold_count"": {""value"": 3, ""threshold"": 2, ""passed"": true}, ""healthy_fold_ratio"": {""value"": 1.0, ""threshold"": 0.6666666666666666, ""passed"": true}, ""presence_freq"": {""value"": 1.0, ""threshold"": 0.75, ""passed"": true}, ""directional_mean_ret"": {""value"": 0.3427436649799347, ""threshold"": 0.0, ""passed"": true}, ""hurdle_excess"": {""value"": 0.3426736613459841, ""threshold"": 0.0, ""passed"": true}, ""min_support_actual"": {""value"": 1361, ""threshold"": 50, ""passed"": true}, ""is_structurally_sound"": {""value"": false, ""passed"": false}, ""trade_path_quality_score"": {""value"": 1.6080116853117946e-10, ""threshold"": 0.0, ""passed"": true}}, ""failures"": [""structural_soundness_fail: ""], ""warnings"": [], ""classification"": ""research""}",0.0,0.0,0.26846288533676593,production,production,False,False,0.3
(*)|(loc_dist_ema20_atr_ts_top60==1&loc_dist_ema20_atr_ts_top70==0)|(reg_atr_change_rate_ts_top20==1),*,loc_dist_ema20_atr_ts_top60==1&loc_dist_ema20_atr_ts_top70==0,reg_atr_change_rate_ts_top20==1,-0.3427436649799347,0.3427436649799347,0.020218267264526933,0.2871331175168355,0.12822222222222224,0.02047055051776157,1.0,1.0,0.5136054421768708,1361,,,-0.008190849442447566,-0.023033144910150537,-0.004717056829321204,0.00838834233181859,,0.3333333333333333,,,,0.01036087931924598,,0.16056636372242733,0.09218865976790092,0.1692922762448318,1.6080116853117946e-10,0.00031762454915123086,0.01,0.01,0.01,0.01,0.016080116853117943,0.003335078737132133,0.003335078737132133,7.000363395061728e-05,-0.3428136686138853,3,1,1,3,3,stage_a_context,,short,3-way,True,,production,production,,,9.337211666493594e-05,1.0,primary_target,0,ranking,research,"{""checks"": {""n_folds"": {""value"": 3, ""threshold"": 3, ""passed"": true}, ""healthy_fold_count"": {""value"": 3, ""threshold"": 2, ""passed"": true}, ""healthy_fold_ratio"": {""value"": 1.0, ""threshold"": 0.6666666666666666, ""passed"": true}, ""presence_freq"": {""value"": 1.0, ""threshold"": 0.75, ""passed"": true}, ""directional_mean_ret"": {""value"": 0.3427436649799347, ""threshold"": 0.0, ""passed"": true}, ""hurdle_excess"": {""value"": 0.3426736613459841, ""threshold"": 0.0, ""passed"": true}, ""min_support_actual"": {""value"": 1361, ""threshold"": 50, ""passed"": true}, ""is_structurally_sound"": {""value"": false, ""passed"": false}, ""trade_path_quality_score"": {""value"": 1.6080116853117946e-10, ""threshold"": 0.0, ""passed"": true}}, ""failures"": [""structural_soundness_fail: ""], ""warnings"": [], ""classification"": ""research""}",0.0,0.0,0.4057973856204871,production,production,False,False,0.3
(*)|(loc_dist_ema20_atr_ts_band30_70==1&loc_dist_ema20_atr_ts_top20==1)|(reg_atr_change_rate_ts_bot60==0),*,loc_dist_ema20_atr_ts_band30_70==1&loc_dist_ema20_atr_ts_top20==1,reg_atr_change_rate_ts_bot60==0,-0.3427436649799347,0.3427436649799347,0.020218267264526933,0.2871331175168355,0.12822222222222224,0.02047055051776157,1.0,1.0,0.5136054421768708,1361,,,-0.008190849442447566,-0.023033144910150537,-0.004717056829321204,0.00838834233181859,,0.3333333333333333,,,,0.01036087931924598,,0.16056636372242733,0.09218865976790092,0.1692922762448318,1.6080116853117946e-10,0.00031762454915123086,0.01,0.01,0.01,0.01,0.016080116853117943,0.003335078737132133,0.003335078737132133,7.000363395061728e-05,-0.3428136686138853,3,1,1,3,3,stage_a_context,,short,3-way,True,,production,production,,,9.337211666493594e-05,1.0,primary_target,0,ranking,research,"{""checks"": {""n_folds"": {""value"": 3, ""threshold"": 3, ""passed"": true}, ""healthy_fold_count"": {""value"": 3, ""threshold"": 2, ""passed"": true}, ""healthy_fold_ratio"": {""value"": 1.0, ""threshold"": 0.6666666666666666, ""passed"": true}, ""presence_freq"": {""value"": 1.0, ""threshold"": 0.75, ""passed"": true}, ""directional_mean_ret"": {""value"": 0.3427436649799347, ""threshold"": 0.0, ""passed"": true}, ""hurdle_excess"": {""value"": 0.3426736613459841, ""threshold"": 0.0, ""passed"": true}, ""min_support_actual"": {""value"": 1361, ""threshold"": 50, ""passed"": true}, ""is_structurally_sound"": {""value"": false, ""passed"": false}, ""trade_path_quality_score"": {""value"": 1.6080116853117946e-10, ""threshold"": 0.0, ""passed"": true}}, ""failures"": [""structural_soundness_fail: ""], ""warnings"": [], ""classification"": ""research""}",0.0,0.0,0.39882198178999156,production,production,False,False,0.3
(*)|(loc_dist_ema20_atr_ts_band30_70==1&loc_dist_ema20_atr_ts_top20==1&loc_dist_ema20_atr_ts_top60==1)|(*),*,loc_dist_ema20_atr_ts_band30_70==1&loc_dist_ema20_atr_ts_top20==1&loc_dist_ema20_atr_ts_top60==1,*,-0.3427436649799347,0.3427436649799347,0.020218267264526933,0.2871331175168355,0.12822222222222224,0.02047055051776157,1.0,1.0,0.5136054421768708,1361,,,-0.008190849442447566,-0.023033144910150537,-0.004717056829321204,0.00838834233181859,,0.3333333333333333,,,,0.01036087931924598,,0.16056636372242733,0.09218865976790092,0.1692922762448318,1.6080116853117946e-10,0.00031762454915123086,0.01,0.01,0.01,0.01,0.016080116853117943,0.003335078737132133,0.003335078737132133,7.000363395061728e-05,-0.3428136686138853,3,2,2,3,3,stage_a_context,,short,3-way,True,,production,production,,,9.337211666493594e-05,1.0,primary_target,0,ranking,research,"{""checks"": {""n_folds"": {""value"": 3, ""threshold"": 3, ""passed"": true}, ""healthy_fold_count"": {""value"": 3, ""threshold"": 2, ""passed"": true}, ""healthy_fold_ratio"": {""value"": 1.0, ""threshold"": 0.6666666666666666, ""passed"": true}, ""presence_freq"": {""value"": 1.0, ""threshold"": 0.75, ""passed"": true}, ""directional_mean_ret"": {""value"": 0.3427436649799347, ""threshold"": 0.0, ""passed"": true}, ""hurdle_excess"": {""value"": 0.3426736613459841, ""threshold"": 0.0, ""passed"": true}, ""min_support_actual"": {""value"": 1361, ""threshold"": 50, ""passed"": true}, ""is_structurally_sound"": {""value"": false, ""passed"": false}, ""trade_path_quality_score"": {""value"": 1.6080116853117946e-10, ""threshold"": 0.0, ""passed"": true}}, ""failures"": [""structural_soundness_fail: ""], ""warnings"": [], ""classification"": ""research""}",0.0,0.0,0.41014507328828653,production,production,False,False,0.3
(*)|(loc_dist_ema20_atr_ts_top20==1)|(reg_atr_change_rate_ts_top60==1&reg_atr_change_rate_ts_top70==0),*,loc_dist_ema20_atr_ts_top20==1,reg_atr_change_rate_ts_top60==1&reg_atr_change_rate_ts_top70==0,-0.3427436649799347,0.3427436649799347,0.020218267264526933,0.2871331175168355,0.12822222222222224,0.02047055051776157,1.0,1.0,0.5136054421768708,1361,,,-0.008190849442447566,-0.023033144910150537,-0.004717056829321204,0.00838834233181859,,0.3333333333333333,,,,0.01036087931924598,,0.16056636372242733,0.09218865976790092,0.1692922762448318,1.6080116853117946e-10,0.00031762454915123086,0.01,0.01,0.01,0.01,0.016080116853117943,0.003335078737132133,0.003335078737132133,7.000363395061728e-05,-0.3428136686138853,3,6,6,3,3,stage_a_context,,short,3-way,True,,production,production,,,9.337211666493594e-05,1.0,primary_target,0,ranking,research,"{""checks"": {""n_folds"": {""value"": 3, ""threshold"": 3, ""passed"": true}, ""healthy_fold_count"": {""value"": 3, ""threshold"": 2, ""passed"": true}, ""healthy_fold_ratio"": {""value"": 1.0, ""threshold"": 0.6666666666666666, ""passed"": true}, ""presence_freq"": {""value"": 1.0, ""threshold"": 0.75, ""passed"": true}, ""directional_mean_ret"": {""value"": 0.3427436649799347, ""threshold"": 0.0, ""passed"": true}, ""hurdle_excess"": {""value"": 0.3426736613459841, ""threshold"": 0.0, ""passed"": true}, ""min_support_actual"": {""value"": 1361, ""threshold"": 50, ""passed"": true}, ""is_structurally_sound"": {""value"": false, ""passed"": false}, ""trade_path_quality_score"": {""value"": 1.6080116853117946e-10, ""threshold"": 0.0, ""passed"": true}}, ""failures"": [""structural_soundness_fail: ""], ""warnings"": [], ""classification"": ""research""}",0.0,0.0,0.4111936823644635,production,production,False,False,0.3
(*)|(*)|(reg_atr_change_rate_ts_top20==1&reg_atr_change_rate_ts_top60==1&reg_atr_change_rate_ts_top70==0),*,*,reg_atr_change_rate_ts_top20==1&reg_atr_change_rate_ts_top60==1&reg_atr_change_rate_ts_top70==0,-0.3427436649799347,0.3427436649799347,0.020218267264526933,0.2871331175168355,0.12822222222222224,0.02047055051776157,1.0,1.0,0.5136054421768708,1361,,,-0.008190849442447566,-0.023033144910150537,-0.004717056829321204,0.00838834233181859,,0.3333333333333333,,,,0.01036087931924598,,0.16056636372242733,0.09218865976790092,0.1692922762448318,1.6080116853117946e-10,0.00031762454915123086,0.01,0.01,0.01,0.01,0.016080116853117943,0.003335078737132133,0.003335078737132133,7.000363395061728e-05,-0.3428136686138853,3,4,4,3,3,stage_a_context,,short,3-way,True,,production,production,,,9.337211666493594e-05,1.0,primary_target,0,ranking,research,"{""checks"": {""n_folds"": {""value"": 3, ""threshold"": 3, ""passed"": true}, ""healthy_fold_count"": {""value"": 3, ""threshold"": 2, ""passed"": true}, ""healthy_fold_ratio"": {""value"": 1.0, ""threshold"": 0.6666666666666666, ""passed"": true}, ""presence_freq"": {""value"": 1.0, ""threshold"": 0.75, ""passed"": true}, ""directional_mean_ret"": {""value"": 0.3427436649799347, ""threshold"": 0.0, ""passed"": true}, ""hurdle_excess"": {""value"": 0.3426736613459841, ""threshold"": 0.0, ""passed"": true}, ""min_support_actual"": {""value"": 1361, ""threshold"": 50, ""passed"": true}, ""is_structurally_sound"": {""value"": false, ""passed"": false}, ""trade_path_quality_score"": {""value"": 1.6080116853117946e-10, ""threshold"": 0.0, ""passed"": true}}, ""failures"": [""structural_soundness_fail: ""], ""warnings"": [], ""classification"": ""research""}",0.0,0.0,0.290713360924605,production,production,False,False,0.3
(*)|(loc_dist_ema20_atr_ts_band30_70==1)|(reg_atr_change_rate_ts_bot20==0&reg_atr_change_rate_ts_top60==1),*,loc_dist_ema20_atr_ts_band30_70==1,reg_atr_change_rate_ts_bot20==0&reg_atr_change_rate_ts_top60==1,-0.3427436649799347,0.3427436649799347,0.020218267264526933,0.2871331175168355,0.12822222222222224,0.02047055051776157,1.0,1.0,0.5136054421768708,1361,,,-0.008190849442447566,-0.023033144910150537,-0.004717056829321204,0.00838834233181859,,0.3333333333333333,,,,0.01036087931924598,,0.16056636372242733,0.09218865976790092,0.1692922762448318,1.6080116853117946e-10,0.00031762454915123086,0.01,0.01,0.01,0.01,0.016080116853117943,0.003335078737132133,0.003335078737132133,7.000363395061728e-05,-0.3428136686138853,3,2,2,3,3,stage_a_context,,short,3-way,True,,production,production,,,9.337211666493594e-05,1.0,primary_target,0,ranking,research,"{""checks"": {""n_folds"": {""value"": 3, ""threshold"": 3, ""passed"": true}, ""healthy_fold_count"": {""value"": 3, ""threshold"": 2, ""passed"": true}, ""healthy_fold_ratio"": {""value"": 1.0, ""threshold"": 0.6666666666666666, ""passed"": true}, ""presence_freq"": {""value"": 1.0, ""threshold"": 0.75, ""passed"": true}, ""directional_mean_ret"": {""value"": 0.3427436649799347, ""threshold"": 0.0, ""passed"": true}, ""hurdle_excess"": {""value"": 0.3426736613459841, ""threshold"": 0.0, ""passed"": true}, ""min_support_actual"": {""value"": 1361, ""threshold"": 50, ""passed"": true}, ""is_structurally_sound"": {""value"": false, ""passed"": false}, ""trade_path_quality_score"": {""value"": 1.6080116853117946e-10, ""threshold"": 0.0, ""passed"": true}}, ""failures"": [""structural_soundness_fail: ""], ""warnings"": [], ""classification"": ""research""}",0.0,0.0,0.42483109655961226,production,production,False,False,0.3
(*)|(loc_dist_ema20_atr_ts_top20==1)|(reg_atr_change_rate_ts_band30_70==1&reg_atr_change_rate_ts_top60==1),*,loc_dist_ema20_atr_ts_top20==1,reg_atr_change_rate_ts_band30_70==1&reg_atr_change_rate_ts_top60==1,-0.3427436649799347,0.3427436649799347,0.020218267264526933,0.2871331175168355,0.12822222222222224,0.02047055051776157,1.0,1.0,0.5136054421768708,1361,,,-0.008190849442447566,-0.023033144910150537,-0.004717056829321204,0.00838834233181859,,0.3333333333333333,,,,0.01036087931924598,,0.16056636372242733,0.09218865976790092,0.1692922762448318,1.6080116853117946e-10,0.00031762454915123086,0.01,0.01,0.01,0.01,0.016080116853117943,0.003335078737132133,0.003335078737132133,7.000363395061728e-05,-0.3428136686138853,3,1,1,3,3,stage_a_context,,short,3-way,True,,production,production,,,9.337211666493594e-05,1.0,primary_target,0,ranking,research,"{""checks"": {""n_folds"": {""value"": 3, ""threshold"": 3, ""passed"": true}, ""healthy_fold_count"": {""value"": 3, ""threshold"": 2, ""passed"": true}, ""healthy_fold_ratio"": {""value"": 1.0, ""threshold"": 0.6666666666666666, ""passed"": true}, ""presence_freq"": {""value"": 1.0, ""threshold"": 0.75, ""passed"": true}, ""directional_mean_ret"": {""value"": 0.3427436649799347, ""threshold"": 0.0, ""passed"": true}, ""hurdle_excess"": {""value"": 0.3426736613459841, ""threshold"": 0.0, ""passed"": true}, ""min_support_actual"": {""value"": 1361, ""threshold"": 50, ""passed"": true}, ""is_structurally_sound"": {""value"": false, ""passed"": false}, ""trade_path_quality_score"": {""value"": 1.6080116853117946e-10, ""threshold"": 0.0, ""passed"": true}}, ""failures"": [""structural_soundness_fail: ""], ""warnings"": [], ""classification"": ""research""}",0.0,0.0,0.3491382015103358,production,production,False,False,0.3
(*)|(loc_dist_ema20_atr_ts_bot20==0)|(reg_atr_change_rate_ts_bot70==1&reg_atr_change_rate_ts_top60==1),*,loc_dist_ema20_atr_ts_bot20==0,reg_atr_change_rate_ts_bot70==1&reg_atr_change_rate_ts_top60==1,-0.3427436649799347,0.3427436649799347,0.020218267264526933,0.2871331175168355,0.12822222222222224,0.02047055051776157,1.0,1.0,0.5136054421768708,1361,,,-0.008190849442447566,-0.023033144910150537,-0.004717056829321204,0.00838834233181859,,0.3333333333333333,,,,0.01036087931924598,,0.16056636372242733,0.09218865976790092,0.1692922762448318,1.6080116853117946e-10,0.00031762454915123086,0.01,0.01,0.01,0.01,0.016080116853117943,0.003335078737132133,0.003335078737132133,7.000363395061728e-05,-0.3428136686138853,3,1,1,3,3,stage_a_context,,short,3-way,True,,production,production,,,9.337211666493594e-05,1.0,primary_target,0,ranking,research,"{""checks"": {""n_folds"": {""value"": 3, ""threshold"": 3, ""passed"": true}, ""healthy_fold_count"": {""value"": 3, ""threshold"": 2, ""passed"": true}, ""healthy_fold_ratio"": {""value"": 1.0, ""threshold"": 0.6666666666666666, ""passed"": true}, ""presence_freq"": {""value"": 1.0, ""threshold"": 0.75, ""passed"": true}, ""directional_mean_ret"": {""value"": 0.3427436649799347, ""threshold"": 0.0, ""passed"": true}, ""hurdle_excess"": {""value"": 0.3426736613459841, ""threshold"": 0.0, ""passed"": true}, ""min_support_actual"": {""value"": 1361, ""threshold"": 50, ""passed"": true}, ""is_structurally_sound"": {""value"": false, ""passed"": false}, ""trade_path_quality_score"": {""value"": 1.6080116853117946e-10, ""threshold"": 0.0, ""passed"": true}}, ""failures"": [""structural_soundness_fail: ""], ""warnings"": [], ""classification"": ""research""}",0.0,0.0,0.2579405396435109,production,production,False,False,0.3
(*)|(*)|(reg_atr_change_rate_ts_band30_70==1&reg_atr_change_rate_ts_top20==1&reg_atr_change_rate_ts_top60==1),*,*,reg_atr_change_rate_ts_band30_70==1&reg_atr_change_rate_ts_top20==1&reg_atr_change_rate_ts_top60==1,-0.3427436649799347,0.3427436649799347,0.020218267264526933,0.2871331175168355,0.12822222222222224,0.02047055051776157,1.0,1.0,0.5136054421768708,1361,,,-0.008190849442447566,-0.023033144910150537,-0.004717056829321204,0.00838834233181859,,0.3333333333333333,,,,0.01036087931924598,,0.16056636372242733,0.09218865976790092,0.1692922762448318,1.6080116853117946e-10,0.00031762454915123086,0.01,0.01,0.01,0.01,0.016080116853117943,0.003335078737132133,0.003335078737132133,7.000363395061728e-05,-0.3428136686138853,3,5,5,3,3,stage_a_context,,short,3-way,True,,production,production,,,9.337211666493594e-05,1.0,primary_target,0,ranking,research,"{""checks"": {""n_folds"": {""value"": 3, ""threshold"": 3, ""passed"": true}, ""healthy_fold_count"": {""value"": 3, ""threshold"": 2, ""passed"": true}, ""healthy_fold_ratio"": {""value"": 1.0, ""threshold"": 0.6666666666666666, ""passed"": true}, ""presence_freq"": {""value"": 1.0, ""threshold"": 0.75, ""passed"": true}, ""directional_mean_ret"": {""value"": 0.3427436649799347, ""threshold"": 0.0, ""passed"": true}, ""hurdle_excess"": {""value"": 0.3426736613459841, ""threshold"": 0.0, ""passed"": true}, ""min_support_actual"": {""value"": 1361, ""threshold"": 50, ""passed"": true}, ""is_structurally_sound"": {""value"": false, ""passed"": false}, ""trade_path_quality_score"": {""value"": 1.6080116853117946e-10, ""threshold"": 0.0, ""passed"": true}}, ""failures"": [""structural_soundness_fail: ""], ""warnings"": [], ""classification"": ""research""}",0.0,0.0,0.3804250204433654,production,production,False,False,0.3
(*)|(loc_dist_ema20_atr_ts_top60==1)|(reg_atr_change_rate_ts_top20==1&reg_atr_change_rate_ts_top70==0),*,loc_dist_ema20_atr_ts_top60==1,reg_atr_change_rate_ts_top20==1&reg_atr_change_rate_ts_top70==0,-0.3427436649799347,0.3427436649799347,0.020218267264526933,0.2871331175168355,0.12822222222222224,0.02047055051776157,1.0,1.0,0.5136054421768708,1361,,,-0.008190849442447566,-0.023033144910150537,-0.004717056829321204,0.00838834233181859,,0.3333333333333333,,,,0.01036087931924598,,0.16056636372242733,0.09218865976790092,0.1692922762448318,1.6080116853117946e-10,0.00031762454915123086,0.01,0.01,0.01,0.01,0.016080116853117943,0.003335078737132133,0.003335078737132133,7.000363395061728e-05,-0.3428136686138853,3,3,3,3,3,stage_a_context,,short,3-way,True,,production,production,,,9.337211666493594e-05,1.0,primary_target,0,ranking,research,"{""checks"": {""n_folds"": {""value"": 3, ""threshold"": 3, ""passed"": true}, ""healthy_fold_count"": {""value"": 3, ""threshold"": 2, ""passed"": true}, ""healthy_fold_ratio"": {""value"": 1.0, ""threshold"": 0.6666666666666666, ""passed"": true}, ""presence_freq"": {""value"": 1.0, ""threshold"": 0.75, ""passed"": true}, ""directional_mean_ret"": {""value"": 0.3427436649799347, ""threshold"": 0.0, ""passed"": true}, ""hurdle_excess"": {""value"": 0.3426736613459841, ""threshold"": 0.0, ""passed"": true}, ""min_support_actual"": {""value"": 1361, ""threshold"": 50, ""passed"": true}, ""is_structurally_sound"": {""value"": false, ""passed"": false}, ""trade_path_quality_score"": {""value"": 1.6080116853117946e-10, ""threshold"": 0.0, ""passed"": true}}, ""failures"": [""structural_soundness_fail: ""], ""warnings"": [], ""classification"": ""research""}",0.0,0.0,0.48829003057225034,production,production,False,False,0.3
(*)|(loc_dist_ema20_atr_ts_top60==1)|(reg_atr_change_rate_ts_top20==1&reg_atr_compression_ratio_ts_band30_70==1),*,loc_dist_ema20_atr_ts_top60==1,reg_atr_change_rate_ts_top20==1&reg_atr_compression_ratio_ts_band30_70==1,-0.3427436649799347,0.3427436649799347,0.020218267264526933,0.2871331175168355,0.12822222222222224,0.02047055051776157,1.0,1.0,0.5136054421768708,1361,,,-0.008190849442447566,-0.023033144910150537,-0.004717056829321204,0.00838834233181859,,0.3333333333333333,,,,0.01036087931924598,,0.16056636372242733,0.09218865976790092,0.1692922762448318,1.6080116853117946e-10,0.00031762454915123086,0.01,0.01,0.01,0.01,0.016080116853117943,0.003335078737132133,0.003335078737132133,7.000363395061728e-05,-0.3428136686138853,3,2,2,3,3,stage_a_context,,short,3-way,True,,production,production,,,9.337211666493594e-05,1.0,primary_target,0,ranking,research,"{""checks"": {""n_folds"": {""value"": 3, ""threshold"": 3, ""passed"": true}, ""healthy_fold_count"": {""value"": 3, ""threshold"": 2, ""passed"": true}, ""healthy_fold_ratio"": {""value"": 1.0, ""threshold"": 0.6666666666666666, ""passed"": true}, ""presence_freq"": {""value"": 1.0, ""threshold"": 0.75, ""passed"": true}, ""directional_mean_ret"": {""value"": 0.3427436649799347, ""threshold"": 0.0, ""passed"": true}, ""hurdle_excess"": {""value"": 0.3426736613459841, ""threshold"": 0.0, ""passed"": true}, ""min_support_actual"": {""value"": 1361, ""threshold"": 50, ""passed"": true}, ""is_structurally_sound"": {""value"": false, ""passed"": false}, ""trade_path_quality_score"": {""value"": 1.6080116853117946e-10, ""threshold"": 0.0, ""passed"": true}}, ""failures"": [""structural_soundness_fail: ""], ""warnings"": [], ""classification"": ""research""}",0.0,0.0,0.4573800400632898,production,production,False,False,0.3
(*)|(loc_dist_ema20_atr_ts_top70==0)|(reg_atr_change_rate_ts_top20==1&reg_atr_change_rate_ts_top60==1),*,loc_dist_ema20_atr_ts_top70==0,reg_atr_change_rate_ts_top20==1&reg_atr_change_rate_ts_top60==1,-0.3427436649799347,0.3427436649799347,0.020218267264526933,0.2871331175168355,0.12822222222222224,0.02047055051776157,1.0,1.0,0.5136054421768708,1361,,,-0.008190849442447566,-0.023033144910150537,-0.004717056829321204,0.00838834233181859,,0.3333333333333333,,,,0.01036087931924598,,0.16056636372242733,0.09218865976790092,0.1692922762448318,1.6080116853117946e-10,0.00031762454915123086,0.01,0.01,0.01,0.01,0.016080116853117943,0.003335078737132133,0.003335078737132133,7.000363395061728e-05,-0.3428136686138853,3,2,2,3,3,stage_a_context,,short,3-way,True,,production,production,,,9.337211666493594e-05,1.0,primary_target,0,ranking,research,"{""checks"": {""n_folds"": {""value"": 3, ""threshold"": 3, ""passed"": true}, ""healthy_fold_count"": {""value"": 3, ""threshold"": 2, ""passed"": true}, ""healthy_fold_ratio"": {""value"": 1.0, ""threshold"": 0.6666666666666666, ""passed"": true}, ""presence_freq"": {""value"": 1.0, ""threshold"": 0.75, ""passed"": true}, ""directional_mean_ret"": {""value"": 0.3427436649799347, ""threshold"": 0.0, ""passed"": true}, ""hurdle_excess"": {""value"": 0.3426736613459841, ""threshold"": 0.0, ""passed"": true}, ""min_support_actual"": {""value"": 1361, ""threshold"": 50, ""passed"": true}, ""is_structurally_sound"": {""value"": false, ""passed"": false}, ""trade_path_quality_score"": {""value"": 1.6080116853117946e-10, ""threshold"": 0.0, ""passed"": true}}, ""failures"": [""structural_soundness_fail: ""], ""warnings"": [], ""classification"": ""research""}",0.0,0.0,0.35841368773413657,production,production,False,False,0.3
(*)|(loc_dist_ema20_atr_ts_top20==1&loc_dist_ema20_atr_ts_top70==0)|(reg_atr_change_rate_ts_top60==1),*,loc_dist_ema20_atr_ts_top20==1&loc_dist_ema20_atr_ts_top70==0,reg_atr_change_rate_ts_top60==1,-0.3427436649799347,0.3427436649799347,0.020218267264526933,0.2871331175168355,0.12822222222222224,0.02047055051776157,1.0,1.0,0.5136054421768708,1361,,,-0.008190849442447566,-0.023033144910150537,-0.004717056829321204,0.00838834233181859,,0.3333333333333333,,,,0.01036087931924598,,0.16056636372242733,0.09218865976790092,0.1692922762448318,1.6080116853117946e-10,0.00031762454915123086,0.01,0.01,0.01,0.01,0.016080116853117943,0.003335078737132133,0.003335078737132133,7.000363395061728e-05,-0.3428136686138853,3,1,1,3,3,stage_a_context,,short,3-way,True,,production,production,,,9.337211666493594e-05,1.0,primary_target,0,ranking,research,"{""checks"": {""n_folds"": {""value"": 3, ""threshold"": 3, ""passed"": true}, ""healthy_fold_count"": {""value"": 3, ""threshold"": 2, ""passed"": true}, ""healthy_fold_ratio"": {""value"": 1.0, ""threshold"": 0.6666666666666666, ""passed"": true}, ""presence_freq"": {""value"": 1.0, ""threshold"": 0.75, ""passed"": true}, ""directional_mean_ret"": {""value"": 0.3427436649799347, ""threshold"": 0.0, ""passed"": true}, ""hurdle_excess"": {""value"": 0.3426736613459841, ""threshold"": 0.0, ""passed"": true}, ""min_support_actual"": {""value"": 1361, ""threshold"": 50, ""passed"": true}, ""is_structurally_sound"": {""value"": false, ""passed"": false}, ""trade_path_quality_score"": {""value"": 1.6080116853117946e-10, ""threshold"": 0.0, ""passed"": true}}, ""failures"": [""structural_soundness_fail: ""], ""warnings"": [], ""classification"": ""research""}",0.0,0.0,0.23195884996160954,production,production,False,False,0.3
(*)|(loc_dist_ema20_atr_ts_top20==1)|(reg_atr_change_rate_ts_band40_60==0&reg_atr_change_rate_ts_top30==1&reg_atr_change_rate_ts_top40==1&reg_atr_change_rate_ts_top70==0),*,loc_dist_ema20_atr_ts_top20==1,reg_atr_change_rate_ts_band40_60==0&reg_atr_change_rate_ts_top30==1&reg_atr_change_rate_ts_top40==1&reg_atr_change_rate_ts_top70==0,-0.3427436649799347,0.3427436649799347,0.020218267264526933,0.2871331175168355,0.12822222222222224,0.02047055051776157,1.0,1.0,0.5136054421768708,1361,,,-0.008190849442447566,-0.023033144910150537,-0.004717056829321204,0.00838834233181859,,0.3333333333333333,,,,0.01036087931924598,,0.16056636372242733,0.09218865976790092,0.1692922762448318,1.6080116853117946e-10,0.00031762454915123086,0.01,0.01,0.01,0.01,0.016080116853117943,0.003335078737132133,0.003335078737132133,9.000467222222222e-05,-0.3428336696521569,3,1,1,5,5,stage_a_context,,short,5-way,True,,production,production,,,9.337211666493594e-05,1.0,primary_target,0,ranking,research,"{""checks"": {""n_folds"": {""value"": 3, ""threshold"": 3, ""passed"": true}, ""healthy_fold_count"": {""value"": 3, ""threshold"": 2, ""passed"": true}, ""healthy_fold_ratio"": {""value"": 1.0, ""threshold"": 0.6666666666666666, ""passed"": true}, ""presence_freq"": {""value"": 1.0, ""threshold"": 0.75, ""passed"": true}, ""directional_mean_ret"": {""value"": 0.3427436649799347, ""threshold"": 0.0, ""passed"": true}, ""hurdle_excess"": {""value"": 0.3426536603077125, ""threshold"": 0.0, ""passed"": true}, ""min_support_actual"": {""value"": 1361, ""threshold"": 50, ""passed"": true}, ""is_structurally_sound"": {""value"": false, ""passed"": false}, ""trade_path_quality_score"": {""value"": 1.6080116853117946e-10, ""threshold"": 0.0, ""passed"": true}}, ""failures"": [""structural_soundness_fail: ""], ""warnings"": [], ""classification"": ""research""}",0.0,0.0,0.36806115675564793,production,production,False,False,0.1
(*)|(loc_dist_ema20_atr_ts_top30==1&loc_dist_ema20_atr_ts_top40==1)|(reg_atr_change_rate_ts_band40_60==0&reg_atr_change_rate_ts_top20==1&reg_atr_change_rate_ts_top70==0),*,loc_dist_ema20_atr_ts_top30==1&loc_dist_ema20_atr_ts_top40==1,reg_atr_change_rate_ts_band40_60==0&reg_atr_change_rate_ts_top20==1&reg_atr_change_rate_ts_top70==0,-0.3427436649799347,0.3427436649799347,0.020218267264526933,0.2871331175168355,0.12822222222222224,0.02047055051776157,1.0,1.0,0.5136054421768708,1361,,,-0.008190849442447566,-0.023033144910150537,-0.004717056829321204,0.00838834233181859,,0.3333333333333333,,,,0.01036087931924598,,0.16056636372242733,0.09218865976790092,0.1692922762448318,1.6080116853117946e-10,0.00031762454915123086,0.01,0.01,0.01,0.01,0.016080116853117943,0.003335078737132133,0.003335078737132133,9.000467222222222e-05,-0.3428336696521569,3,1,1,5,5,stage_a_context,,short,5-way,True,,production,production,,,9.337211666493594e-05,1.0,primary_target,0,ranking,research,"{""checks"": {""n_folds"": {""value"": 3, ""threshold"": 3, ""passed"": true}, ""healthy_fold_count"": {""value"": 3, ""threshold"": 2, ""passed"": true}, ""healthy_fold_ratio"": {""value"": 1.0, ""threshold"": 0.6666666666666666, ""passed"": true}, ""presence_freq"": {""value"": 1.0, ""threshold"": 0.75, ""passed"": true}, ""directional_mean_ret"": {""value"": 0.3427436649799347, ""threshold"": 0.0, ""passed"": true}, ""hurdle_excess"": {""value"": 0.3426536603077125, ""threshold"": 0.0, ""passed"": true}, ""min_support_actual"": {""value"": 1361, ""threshold"": 50, ""passed"": true}, ""is_structurally_sound"": {""value"": false, ""passed"": false}, ""trade_path_quality_score"": {""value"": 1.6080116853117946e-10, ""threshold"": 0.0, ""passed"": true}}, ""failures"": [""structural_soundness_fail: ""], ""warnings"": [], ""classification"": ""research""}",0.0,0.0,0.35056566536754835,production,production,False,False,0.1
(*)|(loc_dist_ema20_atr_ts_top20==1)|(reg_atr_change_rate_ts_band40_60==0&reg_atr_change_rate_ts_bot30==0&reg_atr_change_rate_ts_bot40==0&reg_atr_change_rate_ts_top70==0),*,loc_dist_ema20_atr_ts_top20==1,reg_atr_change_rate_ts_band40_60==0&reg_atr_change_rate_ts_bot30==0&reg_atr_change_rate_ts_bot40==0&reg_atr_change_rate_ts_top70==0,-0.3427436649799347,0.3427436649799347,0.020218267264526933,0.2871331175168355,0.12822222222222224,0.02047055051776157,1.0,1.0,0.5136054421768708,1361,,,-0.008190849442447566,-0.023033144910150537,-0.004717056829321204,0.00838834233181859,,0.3333333333333333,,,,0.01036087931924598,,0.16056636372242733,0.09218865976790092,0.1692922762448318,1.6080116853117946e-10,0.00031762454915123086,0.01,0.01,0.01,0.01,0.016080116853117943,0.003335078737132133,0.003335078737132133,9.000467222222222e-05,-0.3428336696521569,3,1,1,5,5,stage_a_context,,short,5-way,True,,production,production,,,9.337211666493594e-05,1.0,primary_target,0,ranking,research,"{""checks"": {""n_folds"": {""value"": 3, ""threshold"": 3, ""passed"": true}, ""healthy_fold_count"": {""value"": 3, ""threshold"": 2, ""passed"": true}, ""healthy_fold_ratio"": {""value"": 1.0, ""threshold"": 0.6666666666666666, ""passed"": true}, ""presence_freq"": {""value"": 1.0, ""threshold"": 0.75, ""passed"": true}, ""directional_mean_ret"": {""value"": 0.3427436649799347, ""threshold"": 0.0, ""passed"": true}, ""hurdle_excess"": {""value"": 0.3426536603077125, ""threshold"": 0.0, ""passed"": true}, ""min_support_actual"": {""value"": 1361, ""threshold"": 50, ""passed"": true}, ""is_structurally_sound"": {""value"": false, ""passed"": false}, ""trade_path_quality_score"": {""value"": 1.6080116853117946e-10, ""threshold"": 0.0, ""passed"": true}}, ""failures"": [""structural_soundness_fail: ""], ""warnings"": [], ""classification"": ""research""}",0.0,0.0,0.2905299275332862,production,production,False,False,0.1
(*)|(loc_dist_ema20_atr_ts_top40==1&loc_dist_ema20_atr_ts_top60==1)|(reg_atr_change_rate_ts_top20==1&reg_atr_change_rate_ts_top50==1&reg_atr_change_rate_ts_top70==0),*,loc_dist_ema20_atr_ts_top40==1&loc_dist_ema20_atr_ts_top60==1,reg_atr_change_rate_ts_top20==1&reg_atr_change_rate_ts_top50==1&reg_atr_change_rate_ts_top70==0,-0.3427436649799347,0.3427436649799347,0.020218267264526933,0.2871331175168355,0.12822222222222224,0.02047055051776157,1.0,1.0,0.5136054421768708,1361,,,-0.008190849442447566,-0.023033144910150537,-0.004717056829321204,0.00838834233181859,,0.3333333333333333,,,,0.01036087931924598,,0.16056636372242733,0.09218865976790092,0.1692922762448318,1.6080116853117946e-10,0.00031762454915123086,0.01,0.01,0.01,0.01,0.016080116853117943,0.003335078737132133,0.003335078737132133,9.000467222222222e-05,-0.3428336696521569,3,1,1,5,5,stage_a_context,,short,5-way,True,,production,production,,,9.337211666493594e-05,1.0,primary_target,0,ranking,research,"{""checks"": {""n_folds"": {""value"": 3, ""threshold"": 3, ""passed"": true}, ""healthy_fold_count"": {""value"": 3, ""threshold"": 2, ""passed"": true}, ""healthy_fold_ratio"": {""value"": 1.0, ""threshold"": 0.6666666666666666, ""passed"": true}, ""presence_freq"": {""value"": 1.0, ""threshold"": 0.75, ""passed"": true}, ""directional_mean_ret"": {""value"": 0.3427436649799347, ""threshold"": 0.0, ""passed"": true}, ""hurdle_excess"": {""value"": 0.3426536603077125, ""threshold"": 0.0, ""passed"": true}, ""min_support_actual"": {""value"": 1361, ""threshold"": 50, ""passed"": true}, ""is_structurally_sound"": {""value"": false, ""passed"": false}, ""trade_path_quality_score"": {""value"": 1.6080116853117946e-10, ""threshold"": 0.0, ""passed"": true}}, ""failures"": [""structural_soundness_fail: ""], ""warnings"": [], ""classification"": ""research""}",0.0,0.0,0.6148967208372517,production,production,False,False,0.1
(*)|(loc_dist_ema20_atr_ts_top20==1)|(reg_atr_change_rate_ts_band25_75==1&reg_atr_change_rate_ts_top60==1&reg_atr_change_rate_ts_top70==0),*,loc_dist_ema20_atr_ts_top20==1,reg_atr_change_rate_ts_band25_75==1&reg_atr_change_rate_ts_top60==1&reg_atr_change_rate_ts_top70==0,-0.3427436649799347,0.3427436649799347,0.020218267264526933,0.2871331175168355,0.12822222222222224,0.02047055051776157,1.0,1.0,0.5136054421768708,1361,,,-0.008190849442447566,-0.023033144910150537,-0.004717056829321204,0.00838834233181859,,0.3333333333333333,,,,0.01036087931924598,,0.16056636372242733,0.09218865976790092,0.1692922762448318,1.6080116853117946e-10,0.00031762454915123086,0.01,0.01,0.01,0.01,0.016080116853117943,0.003335078737132133,0.003335078737132133,9.000467222222222e-05,-0.3428336696521569,3,1,1,4,4,stage_a_context,,short,4-way,True,,production,production,,,9.337211666493594e-05,1.0,primary_target,0,ranking,research,"{""checks"": {""n_folds"": {""value"": 3, ""threshold"": 3, ""passed"": true}, ""healthy_fold_count"": {""value"": 3, ""threshold"": 2, ""passed"": true}, ""healthy_fold_ratio"": {""value"": 1.0, ""threshold"": 0.6666666666666666, ""passed"": true}, ""presence_freq"": {""value"": 1.0, ""threshold"": 0.75, ""passed"": true}, ""directional_mean_ret"": {""value"": 0.3427436649799347, ""threshold"": 0.0, ""passed"": true}, ""hurdle_excess"": {""value"": 0.3426536603077125, ""threshold"": 0.0, ""passed"": true}, ""min_support_actual"": {""value"": 1361, ""threshold"": 50, ""passed"": true}, ""is_structurally_sound"": {""value"": false, ""passed"": false}, ""trade_path_quality_score"": {""value"": 1.6080116853117946e-10, ""threshold"": 0.0, ""passed"": true}}, ""failures"": [""structural_soundness_fail: ""], ""warnings"": [], ""classification"": ""research""}",0.0,0.0,0.25317551529135984,production,production,False,False,0.1
(*)|(loc_dist_ema20_atr_ts_top30==1)|(reg_atr_change_rate_ts_top20==1&reg_atr_change_rate_ts_top40==1&reg_atr_change_rate_ts_top70==0&reg_atr_compression_ratio_ts_band40_60==0),*,loc_dist_ema20_atr_ts_top30==1,reg_atr_change_rate_ts_top20==1&reg_atr_change_rate_ts_top40==1&reg_atr_change_rate_ts_top70==0&reg_atr_compression_ratio_ts_band40_60==0,-0.3427436649799347,0.3427436649799347,0.020218267264526933,0.2871331175168355,0.12822222222222224,0.02047055051776157,1.0,1.0,0.5136054421768708,1361,,,-0.008190849442447566,-0.023033144910150537,-0.004717056829321204,0.00838834233181859,,0.3333333333333333,,,,0.01036087931924598,,0.16056636372242733,0.09218865976790092,0.1692922762448318,1.6080116853117946e-10,0.00031762454915123086,0.01,0.01,0.01,0.01,0.016080116853117943,0.003335078737132133,0.003335078737132133,9.000467222222222e-05,-0.3428336696521569,3,1,1,5,5,stage_a_context,,short,5-way,True,,production,production,,,9.337211666493594e-05,1.0,primary_target,0,ranking,research,"{""checks"": {""n_folds"": {""value"": 3, ""threshold"": 3, ""passed"": true}, ""healthy_fold_count"": {""value"": 3, ""threshold"": 2, ""passed"": true}, ""healthy_fold_ratio"": {""value"": 1.0, ""threshold"": 0.6666666666666666, ""passed"": true}, ""presence_freq"": {""value"": 1.0, ""threshold"": 0.75, ""passed"": true}, ""directional_mean_ret"": {""value"": 0.3427436649799347, ""threshold"": 0.0, ""passed"": true}, ""hurdle_excess"": {""value"": 0.3426536603077125, ""threshold"": 0.0, ""passed"": true}, ""min_support_actual"": {""value"": 1361, ""threshold"": 50, ""passed"": true}, ""is_structurally_sound"": {""value"": false, ""passed"": false}, ""trade_path_quality_score"": {""value"": 1.6080116853117946e-10, ""threshold"": 0.0, ""passed"": true}}, ""failures"": [""structural_soundness_fail: ""], ""warnings"": [], ""classification"": ""research""}",0.0,0.0,0.26168294195213454,production,production,False,False,0.1
(*)|(loc_dist_ema20_atr_ts_top40==1&loc_dist_ema20_atr_ts_top60==1)|(reg_atr_change_rate_ts_band30_70==1&reg_atr_change_rate_ts_top20==1),*,loc_dist_ema20_atr_ts_top40==1&loc_dist_ema20_atr_ts_top60==1,reg_atr_change_rate_ts_band30_70==1&reg_atr_change_rate_ts_top20==1,-0.3427436649799347,0.3427436649799347,0.020218267264526933,0.2871331175168355,0.12822222222222224,0.02047055051776157,1.0,1.0,0.5136054421768708,1361,,,-0.008190849442447566,-0.023033144910150537,-0.004717056829321204,0.00838834233181859,,0.3333333333333333,,,,0.01036087931924598,,0.16056636372242733,0.09218865976790092,0.1692922762448318,1.6080116853117946e-10,0.00031762454915123086,0.01,0.01,0.01,0.01,0.016080116853117943,0.003335078737132133,0.003335078737132133,9.000467222222222e-05,-0.3428336696521569,3,1,1,4,4,stage_a_context,,short,4-way,True,,production,production,,,9.337211666493594e-05,1.0,primary_target,0,ranking,research,"{""checks"": {""n_folds"": {""value"": 3, ""threshold"": 3, ""passed"": true}, ""healthy_fold_count"": {""value"": 3, ""threshold"": 2, ""passed"": true}, ""healthy_fold_ratio"": {""value"": 1.0, ""threshold"": 0.6666666666666666, ""passed"": true}, ""presence_freq"": {""value"": 1.0, ""threshold"": 0.75, ""passed"": true}, ""directional_mean_ret"": {""value"": 0.3427436649799347, ""threshold"": 0.0, ""passed"": true}, ""hurdle_excess"": {""value"": 0.3426536603077125, ""threshold"": 0.0, ""passed"": true}, ""min_support_actual"": {""value"": 1361, ""threshold"": 50, ""passed"": true}, ""is_structurally_sound"": {""value"": false, ""passed"": false}, ""trade_path_quality_score"": {""value"": 1.6080116853117946e-10, ""threshold"": 0.0, ""passed"": true}}, ""failures"": [""structural_soundness_fail: ""], ""warnings"": [], ""classification"": ""research""}",0.0,0.0,0.5289628624979762,production,production,False,False,0.1
(*)|(loc_dist_ema20_atr_ts_top60==1)|(reg_atr_change_rate_ts_top20==1&reg_atr_change_rate_ts_top30==1&reg_atr_change_rate_ts_top70==0),*,loc_dist_ema20_atr_ts_top60==1,reg_atr_change_rate_ts_top20==1&reg_atr_change_rate_ts_top30==1&reg_atr_change_rate_ts_top70==0,-0.3427436649799347,0.3427436649799347,0.020218267264526933,0.2871331175168355,0.12822222222222224,0.02047055051776157,1.0,1.0,0.5136054421768708,1361,,,-0.008190849442447566,-0.023033144910150537,-0.004717056829321204,0.00838834233181859,,0.3333333333333333,,,,0.01036087931924598,,0.16056636372242733,0.09218865976790092,0.1692922762448318,1.6080116853117946e-10,0.00031762454915123086,0.01,0.01,0.01,0.01,0.016080116853117943,0.003335078737132133,0.003335078737132133,9.000467222222222e-05,-0.3428336696521569,3,1,1,4,4,stage_a_context,,short,4-way,True,,production,production,,,9.337211666493594e-05,1.0,primary_target,0,ranking,research,"{""checks"": {""n_folds"": {""value"": 3, ""threshold"": 3, ""passed"": true}, ""healthy_fold_count"": {""value"": 3, ""threshold"": 2, ""passed"": true}, ""healthy_fold_ratio"": {""value"": 1.0, ""threshold"": 0.6666666666666666, ""passed"": true}, ""presence_freq"": {""value"": 1.0, ""threshold"": 0.75, ""passed"": true}, ""directional_mean_ret"": {""value"": 0.3427436649799347, ""threshold"": 0.0, ""passed"": true}, ""hurdle_excess"": {""value"": 0.3426536603077125, ""threshold"": 0.0, ""passed"": true}, ""min_support_actual"": {""value"": 1361, ""threshold"": 50, ""passed"": true}, ""is_structurally_sound"": {""value"": false, ""passed"": false}, ""trade_path_quality_score"": {""value"": 1.6080116853117946e-10, ""threshold"": 0.0, ""passed"": true}}, ""failures"": [""structural_soundness_fail: ""], ""warnings"": [], ""classification"": ""research""}",0.0,0.0,0.46430228354485115,production,production,False,False,0.1
(*)|(loc_dist_ema20_atr_ts_top40==1)|(reg_atr_change_rate_ts_band30_70==1&reg_atr_change_rate_ts_band40_60==0&reg_atr_change_rate_ts_top20==1),*,loc_dist_ema20_atr_ts_top40==1,reg_atr_change_rate_ts_band30_70==1&reg_atr_change_rate_ts_band40_60==0&reg_atr_change_rate_ts_top20==1,-0.3427436649799347,0.3427436649799347,0.020218267264526933,0.2871331175168355,0.12822222222222224,0.02047055051776157,1.0,1.0,0.5136054421768708,1361,,,-0.008190849442447566,-0.023033144910150537,-0.004717056829321204,0.00838834233181859,,0.3333333333333333,,,,0.01036087931924598,,0.16056636372242733,0.09218865976790092,0.1692922762448318,1.6080116853117946e-10,0.00031762454915123086,0.01,0.01,0.01,0.01,0.016080116853117943,0.003335078737132133,0.003335078737132133,9.000467222222222e-05,-0.3428336696521569,3,1,1,4,4,stage_a_context,,short,4-way,True,,production,production,,,9.337211666493594e-05,1.0,primary_target,0,ranking,research,"{""checks"": {""n_folds"": {""value"": 3, ""threshold"": 3, ""passed"": true}, ""healthy_fold_count"": {""value"": 3, ""threshold"": 2, ""passed"": true}, ""healthy_fold_ratio"": {""value"": 1.0, ""threshold"": 0.6666666666666666, ""passed"": true}, ""presence_freq"": {""value"": 1.0, ""threshold"": 0.75, ""passed"": true}, ""directional_mean_ret"": {""value"": 0.3427436649799347, ""threshold"": 0.0, ""passed"": true}, ""hurdle_excess"": {""value"": 0.3426536603077125, ""threshold"": 0.0, ""passed"": true}, ""min_support_actual"": {""value"": 1361, ""threshold"": 50, ""passed"": true}, ""is_structurally_sound"": {""value"": false, ""passed"": false}, ""trade_path_quality_score"": {""value"": 1.6080116853117946e-10, ""threshold"": 0.0, ""passed"": true}}, ""failures"": [""structural_soundness_fail: ""], ""warnings"": [], ""classification"": ""research""}",0.0,0.0,0.4481824683603446,production,production,False,False,0.1
(*)|(loc_dist_ema20_atr_ts_top40==1)|(reg_atr_change_rate_ts_bot30==0&reg_atr_change_rate_ts_top20==1&reg_atr_change_rate_ts_top60==1&reg_atr_change_rate_ts_top70==0),*,loc_dist_ema20_atr_ts_top40==1,reg_atr_change_rate_ts_bot30==0&reg_atr_change_rate_ts_top20==1&reg_atr_change_rate_ts_top60==1&reg_atr_change_rate_ts_top70==0,-0.3427436649799347,0.3427436649799347,0.020218267264526933,0.2871331175168355,0.12822222222222224,0.02047055051776157,1.0,1.0,0.5136054421768708,1361,,,-0.008190849442447566,-0.023033144910150537,-0.004717056829321204,0.00838834233181859,,0.3333333333333333,,,,0.01036087931924598,,0.16056636372242733,0.09218865976790092,0.1692922762448318,1.6080116853117946e-10,0.00031762454915123086,0.01,0.01,0.01,0.01,0.016080116853117943,0.003335078737132133,0.003335078737132133,9.000467222222222e-05,-0.3428336696521569,3,1,1,5,5,stage_a_context,,short,5-way,True,,production,production,,,9.337211666493594e-05,1.0,primary_target,0,ranking,research,"{""checks"": {""n_folds"": {""value"": 3, ""threshold"": 3, ""passed"": true}, ""healthy_fold_count"": {""value"": 3, ""threshold"": 2, ""passed"": true}, ""healthy_fold_ratio"": {""value"": 1.0, ""threshold"": 0.6666666666666666, ""passed"": true}, ""presence_freq"": {""value"": 1.0, ""threshold"": 0.75, ""passed"": true}, ""directional_mean_ret"": {""value"": 0.3427436649799347, ""threshold"": 0.0, ""passed"": true}, ""hurdle_excess"": {""value"": 0.3426536603077125, ""threshold"": 0.0, ""passed"": true}, ""min_support_actual"": {""value"": 1361, ""threshold"": 50, ""passed"": true}, ""is_structurally_sound"": {""value"": false, ""passed"": false}, ""trade_path_quality_score"": {""value"": 1.6080116853117946e-10, ""threshold"": 0.0, ""passed"": true}}, ""failures"": [""structural_soundness_fail: ""], ""warnings"": [], ""classification"": ""research""}",0.0,0.0,0.5130389096028127,production,production,False,False,0.1
(*)|(loc_dist_ema20_atr_ts_top40==1)|(reg_atr_change_rate_ts_top20==1&reg_atr_change_rate_ts_top50==1&reg_atr_change_rate_ts_top60==1&reg_atr_change_rate_ts_top70==0),*,loc_dist_ema20_atr_ts_top40==1,reg_atr_change_rate_ts_top20==1&reg_atr_change_rate_ts_top50==1&reg_atr_change_rate_ts_top60==1&reg_atr_change_rate_ts_top70==0,-0.3427436649799347,0.3427436649799347,0.020218267264526933,0.2871331175168355,0.12822222222222224,0.02047055051776157,1.0,1.0,0.5136054421768708,1361,,,-0.008190849442447566,-0.023033144910150537,-0.004717056829321204,0.00838834233181859,,0.3333333333333333,,,,0.01036087931924598,,0.16056636372242733,0.09218865976790092,0.1692922762448318,1.6080116853117946e-10,0.00031762454915123086,0.01,0.01,0.01,0.01,0.016080116853117943,0.003335078737132133,0.003335078737132133,9.000467222222222e-05,-0.3428336696521569,3,1,1,5,5,stage_a_context,,short,5-way,True,,production,production,,,9.337211666493594e-05,1.0,primary_target,0,ranking,research,"{""checks"": {""n_folds"": {""value"": 3, ""threshold"": 3, ""passed"": true}, ""healthy_fold_count"": {""value"": 3, ""threshold"": 2, ""passed"": true}, ""healthy_fold_ratio"": {""value"": 1.0, ""threshold"": 0.6666666666666666, ""passed"": true}, ""presence_freq"": {""value"": 1.0, ""threshold"": 0.75, ""passed"": true}, ""directional_mean_ret"": {""value"": 0.3427436649799347, ""threshold"": 0.0, ""passed"": true}, ""hurdle_excess"": {""value"": 0.3426536603077125, ""threshold"": 0.0, ""passed"": true}, ""min_support_actual"": {""value"": 1361, ""threshold"": 50, ""passed"": true}, ""is_structurally_sound"": {""value"": false, ""passed"": false}, ""trade_path_quality_score"": {""value"": 1.6080116853117946e-10, ""threshold"": 0.0, ""passed"": true}}, ""failures"": [""structural_soundness_fail: ""], ""warnings"": [], ""classification"": ""research""}",0.0,0.0,0.27456027913196945,production,production,False,False,0.1
(*)|(loc_dist_ema20_atr_ts_top50==1)|(reg_atr_change_rate_ts_band30_70==1&reg_atr_change_rate_ts_top20==1&reg_atr_change_rate_ts_top60==1),*,loc_dist_ema20_atr_ts_top50==1,reg_atr_change_rate_ts_band30_70==1&reg_atr_change_rate_ts_top20==1&reg_atr_change_rate_ts_top60==1,-0.3427436649799347,0.3427436649799347,0.020218267264526933,0.2871331175168355,0.12822222222222224,0.02047055051776157,1.0,1.0,0.5136054421768708,1361,,,-0.008190849442447566,-0.023033144910150537,-0.004717056829321204,0.00838834233181859,,0.3333333333333333,,,,0.01036087931924598,,0.16056636372242733,0.09218865976790092,0.1692922762448318,1.6080116853117946e-10,0.00031762454915123086,0.01,0.01,0.01,0.01,0.016080116853117943,0.003335078737132133,0.003335078737132133,9.000467222222222e-05,-0.3428336696521569,3,1,1,4,4,stage_a_context,,short,4-way,True,,production,production,,,9.337211666493594e-05,1.0,primary_target,0,ranking,research,"{""checks"": {""n_folds"": {""value"": 3, ""threshold"": 3, ""passed"": true}, ""healthy_fold_count"": {""value"": 3, ""threshold"": 2, ""passed"": true}, ""healthy_fold_ratio"": {""value"": 1.0, ""threshold"": 0.6666666666666666, ""passed"": true}, ""presence_freq"": {""value"": 1.0, ""threshold"": 0.75, ""passed"": true}, ""directional_mean_ret"": {""value"": 0.3427436649799347, ""threshold"": 0.0, ""passed"": true}, ""hurdle_excess"": {""value"": 0.3426536603077125, ""threshold"": 0.0, ""passed"": true}, ""min_support_actual"": {""value"": 1361, ""threshold"": 50, ""passed"": true}, ""is_structurally_sound"": {""value"": false, ""passed"": false}, ""trade_path_quality_score"": {""value"": 1.6080116853117946e-10, ""threshold"": 0.0, ""passed"": true}}, ""failures"": [""structural_soundness_fail: ""], ""warnings"": [], ""classification"": ""research""}",0.0,0.0,0.5840501100964766,production,production,False,False,0.1
(*)|(loc_dist_ema20_atr_ts_top60==1&loc_dist_ema20_atr_ts_top80==0)|(reg_atr_change_rate_ts_bot50==0&reg_atr_change_rate_ts_top20==1&reg_atr_change_rate_ts_top70==0),*,loc_dist_ema20_atr_ts_top60==1&loc_dist_ema20_atr_ts_top80==0,reg_atr_change_rate_ts_bot50==0&reg_atr_change_rate_ts_top20==1&reg_atr_change_rate_ts_top70==0,-0.3427436649799347,0.3427436649799347,0.020218267264526933,0.2871331175168355,0.12822222222222224,0.02047055051776157,1.0,1.0,0.5136054421768708,1361,,,-0.008190849442447566,-0.023033144910150537,-0.004717056829321204,0.00838834233181859,,0.3333333333333333,,,,0.01036087931924598,,0.16056636372242733,0.09218865976790092,0.1692922762448318,1.6080116853117946e-10,0.00031762454915123086,0.01,0.01,0.01,0.01,0.016080116853117943,0.003335078737132133,0.003335078737132133,9.000467222222222e-05,-0.3428336696521569,3,1,1,5,5,stage_a_context,,short,5-way,True,,production,production,,,9.337211666493594e-05,1.0,primary_target,0,ranking,research,"{""checks"": {""n_folds"": {""value"": 3, ""threshold"": 3, ""passed"": true}, ""healthy_fold_count"": {""value"": 3, ""threshold"": 2, ""passed"": true}, ""healthy_fold_ratio"": {""value"": 1.0, ""threshold"": 0.6666666666666666, ""passed"": true}, ""presence_freq"": {""value"": 1.0, ""threshold"": 0.75, ""passed"": true}, ""directional_mean_ret"": {""value"": 0.3427436649799347, ""threshold"": 0.0, ""passed"": true}, ""hurdle_excess"": {""value"": 0.3426536603077125, ""threshold"": 0.0, ""passed"": true}, ""min_support_actual"": {""value"": 1361, ""threshold"": 50, ""passed"": true}, ""is_structurally_sound"": {""value"": false, ""passed"": false}, ""trade_path_quality_score"": {""value"": 1.6080116853117946e-10, ""threshold"": 0.0, ""passed"": true}}, ""failures"": [""structural_soundness_fail: ""], ""warnings"": [], ""classification"": ""research""}",0.0,0.0,0.5748472476639418,production,production,False,False,0.1
(*)|(loc_dist_ema20_atr_ts_top60==1)|(reg_atr_change_rate_ts_band30_70==1&reg_atr_change_rate_ts_bot50==0&reg_atr_change_rate_ts_top20==1),*,loc_dist_ema20_atr_ts_top60==1,reg_atr_change_rate_ts_band30_70==1&reg_atr_change_rate_ts_bot50==0&reg_atr_change_rate_ts_top20==1,-0.3427436649799347,0.3427436649799347,0.020218267264526933,0.2871331175168355,0.12822222222222224,0.02047055051776157,1.0,1.0,0.5136054421768708,1361,,,-0.008190849442447566,-0.023033144910150537,-0.004717056829321204,0.00838834233181859,,0.3333333333333333,,,,0.01036087931924598,,0.16056636372242733,0.09218865976790092,0.1692922762448318,1.6080116853117946e-10,0.00031762454915123086,0.01,0.01,0.01,0.01,0.016080116853117943,0.003335078737132133,0.003335078737132133,9.000467222222222e-05,-0.3428336696521569,3,1,1,4,4,stage_a_context,,short,4-way,True,,production,production,,,9.337211666493594e-05,1.0,primary_target,0,ranking,research,"{""checks"": {""n_folds"": {""value"": 3, ""threshold"": 3, ""passed"": true}, ""healthy_fold_count"": {""value"": 3, ""threshold"": 2, ""passed"": true}, ""healthy_fold_ratio"": {""value"": 1.0, ""threshold"": 0.6666666666666666, ""passed"": true}, ""presence_freq"": {""value"": 1.0, ""threshold"": 0.75, ""passed"": true}, ""directional_mean_ret"": {""value"": 0.3427436649799347, ""threshold"": 0.0, ""passed"": true}, ""hurdle_excess"": {""value"": 0.3426536603077125, ""threshold"": 0.0, ""passed"": true}, ""min_support_actual"": {""value"": 1361, ""threshold"": 50, ""passed"": true}, ""is_structurally_sound"": {""value"": false, ""passed"": false}, ""trade_path_quality_score"": {""value"": 1.6080116853117946e-10, ""threshold"": 0.0, ""passed"": true}}, ""failures"": [""structural_soundness_fail: ""], ""warnings"": [], ""classification"": ""research""}",0.0,0.0,0.5244820420926859,production,production,False,False,0.1
(*)|(loc_dist_ema20_atr_ts_top60==1)|(reg_atr_change_rate_ts_top20==1&reg_atr_change_rate_ts_top40==1&reg_atr_change_rate_ts_top50==1&reg_atr_change_rate_ts_top70==0),*,loc_dist_ema20_atr_ts_top60==1,reg_atr_change_rate_ts_top20==1&reg_atr_change_rate_ts_top40==1&reg_atr_change_rate_ts_top50==1&reg_atr_change_rate_ts_top70==0,-0.3427436649799347,0.3427436649799347,0.020218267264526933,0.2871331175168355,0.12822222222222224,0.02047055051776157,1.0,1.0,0.5136054421768708,1361,,,-0.008190849442447566,-0.023033144910150537,-0.004717056829321204,0.00838834233181859,,0.3333333333333333,,,,0.01036087931924598,,0.16056636372242733,0.09218865976790092,0.1692922762448318,1.6080116853117946e-10,0.00031762454915123086,0.01,0.01,0.01,0.01,0.016080116853117943,0.003335078737132133,0.003335078737132133,9.000467222222222e-05,-0.3428336696521569,3,1,1,5,5,stage_a_context,,short,5-way,True,,production,production,,,9.337211666493594e-05,1.0,primary_target,0,ranking,research,"{""checks"": {""n_folds"": {""value"": 3, ""threshold"": 3, ""passed"": true}, ""healthy_fold_count"": {""value"": 3, ""threshold"": 2, ""passed"": true}, ""healthy_fold_ratio"": {""value"": 1.0, ""threshold"": 0.6666666666666666, ""passed"": true}, ""presence_freq"": {""value"": 1.0, ""threshold"": 0.75, ""passed"": true}, ""directional_mean_ret"": {""value"": 0.3427436649799347, ""threshold"": 0.0, ""passed"": true}, ""hurdle_excess"": {""value"": 0.3426536603077125, ""threshold"": 0.0, ""passed"": true}, ""min_support_actual"": {""value"": 1361, ""threshold"": 50, ""passed"": true}, ""is_structurally_sound"": {""value"": false, ""passed"": false}, ""trade_path_quality_score"": {""value"": 1.6080116853117946e-10, ""threshold"": 0.0, ""passed"": true}}, ""failures"": [""structural_soundness_fail: ""], ""warnings"": [], ""classification"": ""research""}",0.0,0.0,0.5600362451101252,production,production,False,False,0.1
(*)|(loc_dist_ema20_atr_ts_top60==1)|(reg_atr_change_rate_ts_top20==1&reg_atr_change_rate_ts_top50==1&reg_atr_change_rate_ts_top70==0),*,loc_dist_ema20_atr_ts_top60==1,reg_atr_change_rate_ts_top20==1&reg_atr_change_rate_ts_top50==1&reg_atr_change_rate_ts_top70==0,-0.3427436649799347,0.3427436649799347,0.020218267264526933,0.2871331175168355,0.12822222222222224,0.02047055051776157,1.0,1.0,0.5136054421768708,1361,,,-0.008190849442447566,-0.023033144910150537,-0.004717056829321204,0.00838834233181859,,0.3333333333333333,,,,0.01036087931924598,,0.16056636372242733,0.09218865976790092,0.1692922762448318,1.6080116853117946e-10,0.00031762454915123086,0.01,0.01,0.01,0.01,0.016080116853117943,0.003335078737132133,0.003335078737132133,9.000467222222222e-05,-0.3428336696521569,3,2,2,4,4,stage_a_context,,short,4-way,True,,production,production,,,9.337211666493594e-05,1.0,primary_target,0,ranking,research,"{""checks"": {""n_folds"": {""value"": 3, ""threshold"": 3, ""passed"": true}, ""healthy_fold_count"": {""value"": 3, ""threshold"": 2, ""passed"": true}, ""healthy_fold_ratio"": {""value"": 1.0, ""threshold"": 0.6666666666666666, ""passed"": true}, ""presence_freq"": {""value"": 1.0, ""threshold"": 0.75, ""passed"": true}, ""directional_mean_ret"": {""value"": 0.3427436649799347, ""threshold"": 0.0, ""passed"": true}, ""hurdle_excess"": {""value"": 0.3426536603077125, ""threshold"": 0.0, ""passed"": true}, ""min_support_actual"": {""value"": 1361, ""threshold"": 50, ""passed"": true}, ""is_structurally_sound"": {""value"": false, ""passed"": false}, ""trade_path_quality_score"": {""value"": 1.6080116853117946e-10, ""threshold"": 0.0, ""passed"": true}}, ""failures"": [""structural_soundness_fail: ""], ""warnings"": [], ""classification"": ""research""}",0.0,0.0,0.6424146515935354,production,production,False,False,0.1
(*)|(loc_dist_ema20_atr_ts_top70==0)|(reg_atr_change_rate_ts_band40_60==0&reg_atr_change_rate_ts_top20==1&reg_atr_change_rate_ts_top40==1),*,loc_dist_ema20_atr_ts_top70==0,reg_atr_change_rate_ts_band40_60==0&reg_atr_change_rate_ts_top20==1&reg_atr_change_rate_ts_top40==1,-0.3427436649799347,0.3427436649799347,0.020218267264526933,0.2871331175168355,0.12822222222222224,0.02047055051776157,1.0,1.0,0.5136054421768708,1361,,,-0.008190849442447566,-0.023033144910150537,-0.004717056829321204,0.00838834233181859,,0.3333333333333333,,,,0.01036087931924598,,0.16056636372242733,0.09218865976790092,0.1692922762448318,1.6080116853117946e-10,0.00031762454915123086,0.01,0.01,0.01,0.01,0.016080116853117943,0.003335078737132133,0.003335078737132133,9.000467222222222e-05,-0.3428336696521569,3,1,1,4,4,stage_a_context,,short,4-way,True,,production,production,,,9.337211666493594e-05,1.0,primary_target,0,ranking,research,"{""checks"": {""n_folds"": {""value"": 3, ""threshold"": 3, ""passed"": true}, ""healthy_fold_count"": {""value"": 3, ""threshold"": 2, ""passed"": true}, ""healthy_fold_ratio"": {""value"": 1.0, ""threshold"": 0.6666666666666666, ""passed"": true}, ""presence_freq"": {""value"": 1.0, ""threshold"": 0.75, ""passed"": true}, ""directional_mean_ret"": {""value"": 0.3427436649799347, ""threshold"": 0.0, ""passed"": true}, ""hurdle_excess"": {""value"": 0.3426536603077125, ""threshold"": 0.0, ""passed"": true}, ""min_support_actual"": {""value"": 1361, ""threshold"": 50, ""passed"": true}, ""is_structurally_sound"": {""value"": false, ""passed"": false}, ""trade_path_quality_score"": {""value"": 1.6080116853117946e-10, ""threshold"": 0.0, ""passed"": true}}, ""failures"": [""structural_soundness_fail: ""], ""warnings"": [], ""classification"": ""research""}",0.0,0.0,0.27682452645487404,production,production,False,False,0.1
(*)|(loc_dist_ema20_atr_ts_top70==0)|(reg_atr_change_rate_ts_top20==1&reg_atr_change_rate_ts_top30==1&reg_atr_change_rate_ts_top50==1&reg_atr_change_rate_ts_top60==1),*,loc_dist_ema20_atr_ts_top70==0,reg_atr_change_rate_ts_top20==1&reg_atr_change_rate_ts_top30==1&reg_atr_change_rate_ts_top50==1&reg_atr_change_rate_ts_top60==1,-0.3427436649799347,0.3427436649799347,0.020218267264526933,0.2871331175168355,0.12822222222222224,0.02047055051776157,1.0,1.0,0.5136054421768708,1361,,,-0.008190849442447566,-0.023033144910150537,-0.004717056829321204,0.00838834233181859,,0.3333333333333333,,,,0.01036087931924598,,0.16056636372242733,0.09218865976790092,0.1692922762448318,1.6080116853117946e-10,0.00031762454915123086,0.01,0.01,0.01,0.01,0.016080116853117943,0.003335078737132133,0.003335078737132133,9.000467222222222e-05,-0.3428336696521569,3,1,1,5,5,stage_a_context,,short,5-way,True,,production,production,,,9.337211666493594e-05,1.0,primary_target,0,ranking,research,"{""checks"": {""n_folds"": {""value"": 3, ""threshold"": 3, ""passed"": true}, ""healthy_fold_count"": {""value"": 3, ""threshold"": 2, ""passed"": true}, ""healthy_fold_ratio"": {""value"": 1.0, ""threshold"": 0.6666666666666666, ""passed"": true}, ""presence_freq"": {""value"": 1.0, ""threshold"": 0.75, ""passed"": true}, ""directional_mean_ret"": {""value"": 0.3427436649799347, ""threshold"": 0.0, ""passed"": true}, ""hurdle_excess"": {""value"": 0.3426536603077125, ""threshold"": 0.0, ""passed"": true}, ""min_support_actual"": {""value"": 1361, ""threshold"": 50, ""passed"": true}, ""is_structurally_sound"": {""value"": false, ""passed"": false}, ""trade_path_quality_score"": {""value"": 1.6080116853117946e-10, ""threshold"": 0.0, ""passed"": true}}, ""failures"": [""structural_soundness_fail: ""], ""warnings"": [], ""classification"": ""research""}",0.0,0.0,0.5787730104961112,production,production,False,False,0.1
(*)|(loc_dist_ema20_atr_ts_top70==0)|(reg_atr_change_rate_ts_top20==1&reg_atr_change_rate_ts_top40==1&reg_atr_change_rate_ts_top50==1&reg_atr_change_rate_ts_top60==1),*,loc_dist_ema20_atr_ts_top70==0,reg_atr_change_rate_ts_top20==1&reg_atr_change_rate_ts_top40==1&reg_atr_change_rate_ts_top50==1&reg_atr_change_rate_ts_top60==1,-0.3427436649799347,0.3427436649799347,0.020218267264526933,0.2871331175168355,0.12822222222222224,0.02047055051776157,1.0,1.0,0.5136054421768708,1361,,,-0.008190849442447566,-0.023033144910150537,-0.004717056829321204,0.00838834233181859,,0.3333333333333333,,,,0.01036087931924598,,0.16056636372242733,0.09218865976790092,0.1692922762448318,1.6080116853117946e-10,0.00031762454915123086,0.01,0.01,0.01,0.01,0.016080116853117943,0.003335078737132133,0.003335078737132133,9.000467222222222e-05,-0.3428336696521569,3,1,1,5,5,stage_a_context,,short,5-way,True,,production,production,,,9.337211666493594e-05,1.0,primary_target,0,ranking,research,"{""checks"": {""n_folds"": {""value"": 3, ""threshold"": 3, ""passed"": true}, ""healthy_fold_count"": {""value"": 3, ""threshold"": 2, ""passed"": true}, ""healthy_fold_ratio"": {""value"": 1.0, ""threshold"": 0.6666666666666666, ""passed"": true}, ""presence_freq"": {""value"": 1.0, ""threshold"": 0.75, ""passed"": true}, ""directional_mean_ret"": {""value"": 0.3427436649799347, ""threshold"": 0.0, ""passed"": true}, ""hurdle_excess"": {""value"": 0.3426536603077125, ""threshold"": 0.0, ""passed"": true}, ""min_support_actual"": {""value"": 1361, ""threshold"": 50, ""passed"": true}, ""is_structurally_sound"": {""value"": false, ""passed"": false}, ""trade_path_quality_score"": {""value"": 1.6080116853117946e-10, ""threshold"": 0.0, ""passed"": true}}, ""failures"": [""structural_soundness_fail: ""], ""warnings"": [], ""classification"": ""research""}",0.0,0.0,0.40851080865834444,production,production,False,False,0.1
(*)|(loc_dist_ema20_atr_ts_top20==1&loc_dist_ema20_atr_ts_top50==1)|(reg_atr_change_rate_ts_top60==1&reg_atr_change_rate_ts_top70==0),*,loc_dist_ema20_atr_ts_top20==1&loc_dist_ema20_atr_ts_top50==1,reg_atr_change_rate_ts_top60==1&reg_atr_change_rate_ts_top70==0,-0.3427436649799347,0.3427436649799347,0.020218267264526933,0.2871331175168355,0.12822222222222224,0.02047055051776157,1.0,1.0,0.5136054421768708,1361,,,-0.008190849442447566,-0.023033144910150537,-0.004717056829321204,0.00838834233181859,,0.3333333333333333,,,,0.01036087931924598,,0.16056636372242733,0.09218865976790092,0.1692922762448318,1.6080116853117946e-10,0.00031762454915123086,0.01,0.01,0.01,0.01,0.016080116853117943,0.003335078737132133,0.003335078737132133,9.000467222222222e-05,-0.3428336696521569,3,1,1,4,4,stage_a_context,,short,4-way,True,,production,production,,,9.337211666493594e-05,1.0,primary_target,0,ranking,research,"{""checks"": {""n_folds"": {""value"": 3, ""threshold"": 3, ""passed"": true}, ""healthy_fold_count"": {""value"": 3, ""threshold"": 2, ""passed"": true}, ""healthy_fold_ratio"": {""value"": 1.0, ""threshold"": 0.6666666666666666, ""passed"": true}, ""presence_freq"": {""value"": 1.0, ""threshold"": 0.75, ""passed"": true}, ""directional_mean_ret"": {""value"": 0.3427436649799347, ""threshold"": 0.0, ""passed"": true}, ""hurdle_excess"": {""value"": 0.3426536603077125, ""threshold"": 0.0, ""passed"": true}, ""min_support_actual"": {""value"": 1361, ""threshold"": 50, ""passed"": true}, ""is_structurally_sound"": {""value"": false, ""passed"": false}, ""trade_path_quality_score"": {""value"": 1.6080116853117946e-10, ""threshold"": 0.0, ""passed"": true}}, ""failures"": [""structural_soundness_fail: ""], ""warnings"": [], ""classification"": ""research""}",0.0,0.0,0.3330066074884698,production,production,False,False,0.1
(*)|(loc_dist_ema20_atr_ts_top20==1&loc_dist_ema20_atr_ts_top60==1&loc_dist_ema20_atr_ts_top80==0)|(reg_atr_change_rate_ts_band25_75==1&reg_atr_change_rate_ts_top50==1&reg_atr_change_rate_ts_top70==0),*,loc_dist_ema20_atr_ts_top20==1&loc_dist_ema20_atr_ts_top60==1&loc_dist_ema20_atr_ts_top80==0,reg_atr_change_rate_ts_band25_75==1&reg_atr_change_rate_ts_top50==1&reg_atr_change_rate_ts_top70==0,-0.3427436649799347,0.3427436649799347,0.020218267264526933,0.2871331175168355,0.12822222222222224,0.02047055051776157,1.0,1.0,0.5136054421768708,1361,,,-0.008190849442447566,-0.023033144910150537,-0.004717056829321204,0.00838834233181859,,0.3333333333333333,,,,0.01036087931924598,,0.16056636372242733,0.09218865976790092,0.1692922762448318,1.6080116853117946e-10,0.00031762454915123086,0.01,0.01,0.01,0.01,0.016080116853117943,0.003335078737132133,0.003335078737132133,9.000467222222222e-05,-0.3428336696521569,3,1,1,6,6,stage_a_context,,short,6-way,True,,production,production,,,9.337211666493594e-05,1.0,primary_target,0,ranking,research,"{""checks"": {""n_folds"": {""value"": 3, ""threshold"": 3, ""passed"": true}, ""healthy_fold_count"": {""value"": 3, ""threshold"": 2, ""passed"": true}, ""healthy_fold_ratio"": {""value"": 1.0, ""threshold"": 0.6666666666666666, ""passed"": true}, ""presence_freq"": {""value"": 1.0, ""threshold"": 0.75, ""passed"": true}, ""directional_mean_ret"": {""value"": 0.3427436649799347, ""threshold"": 0.0, ""passed"": true}, ""hurdle_excess"": {""value"": 0.3426536603077125, ""threshold"": 0.0, ""passed"": true}, ""min_support_actual"": {""value"": 1361, ""threshold"": 50, ""passed"": true}, ""is_structurally_sound"": {""value"": false, ""passed"": false}, ""trade_path_quality_score"": {""value"": 1.6080116853117946e-10, ""threshold"": 0.0, ""passed"": true}}, ""failures"": [""structural_soundness_fail: ""], ""warnings"": [], ""classification"": ""research""}",0.0,0.0,0.511410101501673,production,production,False,False,0.1
(*)|(loc_dist_ema20_atr_ts_top60==1&loc_dist_ema20_atr_ts_top80==0)|(reg_atr_change_rate_ts_band25_75==1&reg_atr_change_rate_ts_bot20==0&reg_atr_change_rate_ts_bot40==0&reg_atr_change_rate_ts_top70==0),*,loc_dist_ema20_atr_ts_top60==1&loc_dist_ema20_atr_ts_top80==0,reg_atr_change_rate_ts_band25_75==1&reg_atr_change_rate_ts_bot20==0&reg_atr_change_rate_ts_bot40==0&reg_atr_change_rate_ts_top70==0,-0.3427436649799347,0.3427436649799347,0.020218267264526933,0.2871331175168355,0.12822222222222224,0.02047055051776157,1.0,1.0,0.5136054421768708,1361,,,-0.008190849442447566,-0.023033144910150537,-0.004717056829321204,0.00838834233181859,,0.3333333333333333,,,,0.01036087931924598,,0.16056636372242733,0.09218865976790092,0.1692922762448318,1.6080116853117946e-10,0.00031762454915123086,0.01,0.01,0.01,0.01,0.016080116853117943,0.003335078737132133,0.003335078737132133,9.000467222222222e-05,-0.3428336696521569,3,1,1,6,6,stage_a_context,,short,6-way,True,,production,production,,,9.337211666493594e-05,1.0,primary_target,0,ranking,research,"{""checks"": {""n_folds"": {""value"": 3, ""threshold"": 3, ""passed"": true}, ""healthy_fold_count"": {""value"": 3, ""threshold"": 2, ""passed"": true}, ""healthy_fold_ratio"": {""value"": 1.0, ""threshold"": 0.6666666666666666, ""passed"": true}, ""presence_freq"": {""value"": 1.0, ""threshold"": 0.75, ""passed"": true}, ""directional_mean_ret"": {""value"": 0.3427436649799347, ""threshold"": 0.0, ""passed"": true}, ""hurdle_excess"": {""value"": 0.3426536603077125, ""threshold"": 0.0, ""passed"": true}, ""min_support_actual"": {""value"": 1361, ""threshold"": 50, ""passed"": true}, ""is_structurally_sound"": {""value"": false, ""passed"": false}, ""trade_path_quality_score"": {""value"": 1.6080116853117946e-10, ""threshold"": 0.0, ""passed"": true}}, ""failures"": [""structural_soundness_fail: ""], ""warnings"": [], ""classification"": ""research""}",0.0,0.0,0.20478991853958142,production,production,False,False,0.1
(*)|(loc_dist_ema20_atr_ts_top20==1&loc_dist_ema20_atr_ts_top50==1)|(reg_atr_change_rate_ts_bot60==0&reg_atr_change_rate_ts_top70==0),*,loc_dist_ema20_atr_ts_top20==1&loc_dist_ema20_atr_ts_top50==1,reg_atr_change_rate_ts_bot60==0&reg_atr_change_rate_ts_top70==0,-0.3427436649799347,0.3427436649799347,0.020218267264526933,0.2871331175168355,0.12822222222222224,0.02047055051776157,1.0,1.0,0.5136054421768708,1361,,,-0.008190849442447566,-0.023033144910150537,-0.004717056829321204,0.00838834233181859,,0.3333333333333333,,,,0.01036087931924598,,0.16056636372242733,0.09218865976790092,0.1692922762448318,1.6080116853117946e-10,0.00031762454915123086,0.01,0.01,0.01,0.01,0.016080116853117943,0.003335078737132133,0.003335078737132133,9.000467222222222e-05,-0.3428336696521569,3,1,1,4,4,stage_a_context,,short,4-way,True,,production,production,,,9.337211666493594e-05,1.0,primary_target,0,ranking,research,"{""checks"": {""n_folds"": {""value"": 3, ""threshold"": 3, ""passed"": true}, ""healthy_fold_count"": {""value"": 3, ""threshold"": 2, ""passed"": true}, ""healthy_fold_ratio"": {""value"": 1.0, ""threshold"": 0.6666666666666666, ""passed"": true}, ""presence_freq"": {""value"": 1.0, ""threshold"": 0.75, ""passed"": true}, ""directional_mean_ret"": {""value"": 0.3427436649799347, ""threshold"": 0.0, ""passed"": true}, ""hurdle_excess"": {""value"": 0.3426536603077125, ""threshold"": 0.0, ""passed"": true}, ""min_support_actual"": {""value"": 1361, ""threshold"": 50, ""passed"": true}, ""is_structurally_sound"": {""value"": false, ""passed"": false}, ""trade_path_quality_score"": {""value"": 1.6080116853117946e-10, ""threshold"": 0.0, ""passed"": true}}, ""failures"": [""structural_soundness_fail: ""], ""warnings"": [], ""classification"": ""research""}",0.0,0.0,0.5168060546406642,production,production,False,False,0.1
(*)|(loc_dist_ema20_atr_ts_band30_70==1&loc_dist_ema20_atr_ts_top20==1&loc_dist_ema20_atr_ts_top50==1)|(reg_atr_change_rate_ts_bot60==0),*,loc_dist_ema20_atr_ts_band30_70==1&loc_dist_ema20_atr_ts_top20==1&loc_dist_ema20_atr_ts_top50==1,reg_atr_change_rate_ts_bot60==0,-0.3427436649799347,0.3427436649799347,0.020218267264526933,0.2871331175168355,0.12822222222222224,0.02047055051776157,1.0,1.0,0.5136054421768708,1361,,,-0.008190849442447566,-0.023033144910150537,-0.004717056829321204,0.00838834233181859,,0.3333333333333333,,,,0.01036087931924598,,0.16056636372242733,0.09218865976790092,0.1692922762448318,1.6080116853117946e-10,0.00031762454915123086,0.01,0.01,0.01,0.01,0.016080116853117943,0.003335078737132133,0.003335078737132133,9.000467222222222e-05,-0.3428336696521569,3,1,1,4,4,stage_a_context,,short,4-way,True,,production,production,,,9.337211666493594e-05,1.0,primary_target,0,ranking,research,"{""checks"": {""n_folds"": {""value"": 3, ""threshold"": 3, ""passed"": true}, ""healthy_fold_count"": {""value"": 3, ""threshold"": 2, ""passed"": true}, ""healthy_fold_ratio"": {""value"": 1.0, ""threshold"": 0.6666666666666666, ""passed"": true}, ""presence_freq"": {""value"": 1.0, ""threshold"": 0.75, ""passed"": true}, ""directional_mean_ret"": {""value"": 0.3427436649799347, ""threshold"": 0.0, ""passed"": true}, ""hurdle_excess"": {""value"": 0.3426536603077125, ""threshold"": 0.0, ""passed"": true}, ""min_support_actual"": {""value"": 1361, ""threshold"": 50, ""passed"": true}, ""is_structurally_sound"": {""value"": false, ""passed"": false}, ""trade_path_quality_score"": {""value"": 1.6080116853117946e-10, ""threshold"": 0.0, ""passed"": true}}, ""failures"": [""structural_soundness_fail: ""], ""warnings"": [], ""classification"": ""research""}",0.0,0.0,0.45383384642496155,production,production,False,False,0.1
(*)|(*)|(reg_atr_change_rate_ts_band25_75==1&reg_atr_change_rate_ts_bot70==1&reg_atr_change_rate_ts_top20==1&reg_atr_change_rate_ts_top40==1&reg_atr_change_rate_ts_top60==1&reg_atr_change_rate_ts_top80==0),*,*,reg_atr_change_rate_ts_band25_75==1&reg_atr_change_rate_ts_bot70==1&reg_atr_change_rate_ts_top20==1&reg_atr_change_rate_ts_top40==1&reg_atr_change_rate_ts_top60==1&reg_atr_change_rate_ts_top80==0,-0.3427436649799347,0.3427436649799347,0.020218267264526933,0.2871331175168355,0.12822222222222224,0.02047055051776157,1.0,1.0,0.5136054421768708,1361,,,-0.008190849442447566,-0.023033144910150537,-0.004717056829321204,0.00838834233181859,,0.3333333333333333,,,,0.01036087931924598,,0.16056636372242733,0.09218865976790092,0.1692922762448318,1.6080116853117946e-10,0.00031762454915123086,0.01,0.01,0.01,0.01,0.016080116853117943,0.003335078737132133,0.003335078737132133,9.000467222222222e-05,-0.3428336696521569,3,1,1,6,6,stage_a_context,,short,6-way,True,,production,production,,,9.337211666493594e-05,1.0,primary_target,0,ranking,research,"{""checks"": {""n_folds"": {""value"": 3, ""threshold"": 3, ""passed"": true}, ""healthy_fold_count"": {""value"": 3, ""threshold"": 2, ""passed"": true}, ""healthy_fold_ratio"": {""value"": 1.0, ""threshold"": 0.6666666666666666, ""passed"": true}, ""presence_freq"": {""value"": 1.0, ""threshold"": 0.75, ""passed"": true}, ""directional_mean_ret"": {""value"": 0.3427436649799347, ""threshold"": 0.0, ""passed"": true}, ""hurdle_excess"": {""value"": 0.3426536603077125, ""threshold"": 0.0, ""passed"": true}, ""min_support_actual"": {""value"": 1361, ""threshold"": 50, ""passed"": true}, ""is_structurally_sound"": {""value"": false, ""passed"": false}, ""trade_path_quality_score"": {""value"": 1.6080116853117946e-10, ""threshold"": 0.0, ""passed"": true}}, ""failures"": [""structural_soundness_fail: ""], ""warnings"": [], ""classification"": ""research""}",0.0,0.0,0.4993945425294865,production,production,False,False,0.1
(*)|(*)|(reg_atr_change_rate_ts_band25_75==1&reg_atr_change_rate_ts_top20==1&reg_atr_change_rate_ts_top40==1&reg_atr_change_rate_ts_top60==1&reg_atr_change_rate_ts_top70==0),*,*,reg_atr_change_rate_ts_band25_75==1&reg_atr_change_rate_ts_top20==1&reg_atr_change_rate_ts_top40==1&reg_atr_change_rate_ts_top60==1&reg_atr_change_rate_ts_top70==0,-0.3427436649799347,0.3427436649799347,0.020218267264526933,0.2871331175168355,0.12822222222222224,0.02047055051776157,1.0,1.0,0.5136054421768708,1361,,,-0.008190849442447566,-0.023033144910150537,-0.004717056829321204,0.00838834233181859,,0.3333333333333333,,,,0.01036087931924598,,0.16056636372242733,0.09218865976790092,0.1692922762448318,1.6080116853117946e-10,0.00031762454915123086,0.01,0.01,0.01,0.01,0.016080116853117943,0.003335078737132133,0.003335078737132133,9.000467222222222e-05,-0.3428336696521569,3,1,1,5,5,stage_a_context,,short,5-way,True,,production,production,,,9.337211666493594e-05,1.0,primary_target,0,ranking,research,"{""checks"": {""n_folds"": {""value"": 3, ""threshold"": 3, ""passed"": true}, ""healthy_fold_count"": {""value"": 3, ""threshold"": 2, ""passed"": true}, ""healthy_fold_ratio"": {""value"": 1.0, ""threshold"": 0.6666666666666666, ""passed"": true}, ""presence_freq"": {""value"": 1.0, ""threshold"": 0.75, ""passed"": true}, ""directional_mean_ret"": {""value"": 0.3427436649799347, ""threshold"": 0.0, ""passed"": true}, ""hurdle_excess"": {""value"": 0.3426536603077125, ""threshold"": 0.0, ""passed"": true}, ""min_support_actual"": {""value"": 1361, ""threshold"": 50, ""passed"": true}, ""is_structurally_sound"": {""value"": false, ""passed"": false}, ""trade_path_quality_score"": {""value"": 1.6080116853117946e-10, ""threshold"": 0.0, ""passed"": true}}, ""failures"": [""structural_soundness_fail: ""], ""warnings"": [], ""classification"": ""research""}",0.0,0.0,0.2031420156388404,production,production,False,False,0.1
(*)|(*)|(reg_atr_change_rate_ts_band25_75==1&reg_atr_change_rate_ts_top20==1&reg_atr_change_rate_ts_top50==1&reg_atr_change_rate_ts_top60==1&reg_atr_change_rate_ts_top70==0&reg_atr_change_rate_ts_top80==0),*,*,reg_atr_change_rate_ts_band25_75==1&reg_atr_change_rate_ts_top20==1&reg_atr_change_rate_ts_top50==1&reg_atr_change_rate_ts_top60==1&reg_atr_change_rate_ts_top70==0&reg_atr_change_rate_ts_top80==0,-0.3427436649799347,0.3427436649799347,0.020218267264526933,0.2871331175168355,0.12822222222222224,0.02047055051776157,1.0,1.0,0.5136054421768708,1361,,,-0.008190849442447566,-0.023033144910150537,-0.004717056829321204,0.00838834233181859,,0.3333333333333333,,,,0.01036087931924598,,0.16056636372242733,0.09218865976790092,0.1692922762448318,1.6080116853117946e-10,0.00031762454915123086,0.01,0.01,0.01,0.01,0.016080116853117943,0.003335078737132133,0.003335078737132133,9.000467222222222e-05,-0.3428336696521569,3,1,1,6,6,stage_a_context,,short,6-way,True,,production,production,,,9.337211666493594e-05,1.0,primary_target,0,ranking,research,"{""checks"": {""n_folds"": {""value"": 3, ""threshold"": 3, ""passed"": true}, ""healthy_fold_count"": {""value"": 3, ""threshold"": 2, ""passed"": true}, ""healthy_fold_ratio"": {""value"": 1.0, ""threshold"": 0.6666666666666666, ""passed"": true}, ""presence_freq"": {""value"": 1.0, ""threshold"": 0.75, ""passed"": true}, ""directional_mean_ret"": {""value"": 0.3427436649799347, ""threshold"": 0.0, ""passed"": true}, ""hurdle_excess"": {""value"": 0.3426536603077125, ""threshold"": 0.0, ""passed"": true}, ""min_support_actual"": {""value"": 1361, ""threshold"": 50, ""passed"": true}, ""is_structurally_sound"": {""value"": false, ""passed"": false}, ""trade_path_quality_score"": {""value"": 1.6080116853117946e-10, ""threshold"": 0.0, ""passed"": true}}, ""failures"": [""structural_soundness_fail: ""], ""warnings"": [], ""classification"": ""research""}",0.0,0.0,0.25308197721052383,production,production,False,False,0.1
(*)|(*)|(reg_atr_change_rate_ts_band25_75==1&reg_atr_change_rate_ts_top20==1&reg_atr_change_rate_ts_top50==1&reg_atr_change_rate_ts_top60==1&reg_atr_change_rate_ts_top70==0),*,*,reg_atr_change_rate_ts_band25_75==1&reg_atr_change_rate_ts_top20==1&reg_atr_change_rate_ts_top50==1&reg_atr_change_rate_ts_top60==1&reg_atr_change_rate_ts_top70==0,-0.3427436649799347,0.3427436649799347,0.020218267264526933,0.2871331175168355,0.12822222222222224,0.02047055051776157,1.0,1.0,0.5136054421768708,1361,,,-0.008190849442447566,-0.023033144910150537,-0.004717056829321204,0.00838834233181859,,0.3333333333333333,,,,0.01036087931924598,,0.16056636372242733,0.09218865976790092,0.1692922762448318,1.6080116853117946e-10,0.00031762454915123086,0.01,0.01,0.01,0.01,0.016080116853117943,0.003335078737132133,0.003335078737132133,9.000467222222222e-05,-0.3428336696521569,3,1,1,5,5,stage_a_context,,short,5-way,True,,production,production,,,9.337211666493594e-05,1.0,primary_target,0,ranking,research,"{""checks"": {""n_folds"": {""value"": 3, ""threshold"": 3, ""passed"": true}, ""healthy_fold_count"": {""value"": 3, ""threshold"": 2, ""passed"": true}, ""healthy_fold_ratio"": {""value"": 1.0, ""threshold"": 0.6666666666666666, ""passed"": true}, ""presence_freq"": {""value"": 1.0, ""threshold"": 0.75, ""passed"": true}, ""directional_mean_ret"": {""value"": 0.3427436649799347, ""threshold"": 0.0, ""passed"": true}, ""hurdle_excess"": {""value"": 0.3426536603077125, ""threshold"": 0.0, ""passed"": true}, ""min_support_actual"": {""value"": 1361, ""threshold"": 50, ""passed"": true}, ""is_structurally_sound"": {""value"": false, ""passed"": false}, ""trade_path_quality_score"": {""value"": 1.6080116853117946e-10, ""threshold"": 0.0, ""passed"": true}}, ""failures"": [""structural_soundness_fail: ""], ""warnings"": [], ""classification"": ""research""}",0.0,0.0,0.5184385581396173,production,production,False,False,0.1
(*)|(*)|(reg_atr_change_rate_ts_band30_70==1&reg_atr_change_rate_ts_band40_60==0&reg_atr_change_rate_ts_top20==1&reg_atr_change_rate_ts_top40==1),*,*,reg_atr_change_rate_ts_band30_70==1&reg_atr_change_rate_ts_band40_60==0&reg_atr_change_rate_ts_top20==1&reg_atr_change_rate_ts_top40==1,-0.3427436649799347,0.3427436649799347,0.020218267264526933,0.2871331175168355,0.12822222222222224,0.02047055051776157,1.0,1.0,0.5136054421768708,1361,,,-0.008190849442447566,-0.023033144910150537,-0.004717056829321204,0.00838834233181859,,0.3333333333333333,,,,0.01036087931924598,,0.16056636372242733,0.09218865976790092,0.1692922762448318,1.6080116853117946e-10,0.00031762454915123086,0.01,0.01,0.01,0.01,0.016080116853117943,0.003335078737132133,0.003335078737132133,9.000467222222222e-05,-0.3428336696521569,3,1,1,4,4,stage_a_context,,short,4-way,True,,production,production,,,9.337211666493594e-05,1.0,primary_target,0,ranking,research,"{""checks"": {""n_folds"": {""value"": 3, ""threshold"": 3, ""passed"": true}, ""healthy_fold_count"": {""value"": 3, ""threshold"": 2, ""passed"": true}, ""healthy_fold_ratio"": {""value"": 1.0, ""threshold"": 0.6666666666666666, ""passed"": true}, ""presence_freq"": {""value"": 1.0, ""threshold"": 0.75, ""passed"": true}, ""directional_mean_ret"": {""value"": 0.3427436649799347, ""threshold"": 0.0, ""passed"": true}, ""hurdle_excess"": {""value"": 0.3426536603077125, ""threshold"": 0.0, ""passed"": true}, ""min_support_actual"": {""value"": 1361, ""threshold"": 50, ""passed"": true}, ""is_structurally_sound"": {""value"": false, ""passed"": false}, ""trade_path_quality_score"": {""value"": 1.6080116853117946e-10, ""threshold"": 0.0, ""passed"": true}}, ""failures"": [""structural_soundness_fail: ""], ""warnings"": [], ""classification"": ""research""}",0.0,0.0,0.3086582493097634,production,production,False,False,0.1
(*)|(*)|(reg_atr_change_rate_ts_band30_70==1&reg_atr_change_rate_ts_top20==1&reg_atr_change_rate_ts_top40==1&reg_atr_change_rate_ts_top50==1&reg_atr_change_rate_ts_top60==1),*,*,reg_atr_change_rate_ts_band30_70==1&reg_atr_change_rate_ts_top20==1&reg_atr_change_rate_ts_top40==1&reg_atr_change_rate_ts_top50==1&reg_atr_change_rate_ts_top60==1,-0.3427436649799347,0.3427436649799347,0.020218267264526933,0.2871331175168355,0.12822222222222224,0.02047055051776157,1.0,1.0,0.5136054421768708,1361,,,-0.008190849442447566,-0.023033144910150537,-0.004717056829321204,0.00838834233181859,,0.3333333333333333,,,,0.01036087931924598,,0.16056636372242733,0.09218865976790092,0.1692922762448318,1.6080116853117946e-10,0.00031762454915123086,0.01,0.01,0.01,0.01,0.016080116853117943,0.003335078737132133,0.003335078737132133,9.000467222222222e-05,-0.3428336696521569,3,1,1,5,5,stage_a_context,,short,5-way,True,,production,production,,,9.337211666493594e-05,1.0,primary_target,0,ranking,research,"{""checks"": {""n_folds"": {""value"": 3, ""threshold"": 3, ""passed"": true}, ""healthy_fold_count"": {""value"": 3, ""threshold"": 2, ""passed"": true}, ""healthy_fold_ratio"": {""value"": 1.0, ""threshold"": 0.6666666666666666, ""passed"": true}, ""presence_freq"": {""value"": 1.0, ""threshold"": 0.75, ""passed"": true}, ""directional_mean_ret"": {""value"": 0.3427436649799347, ""threshold"": 0.0, ""passed"": true}, ""hurdle_excess"": {""value"": 0.3426536603077125, ""threshold"": 0.0, ""passed"": true}, ""min_support_actual"": {""value"": 1361, ""threshold"": 50, ""passed"": true}, ""is_structurally_sound"": {""value"": false, ""passed"": false}, ""trade_path_quality_score"": {""value"": 1.6080116853117946e-10, ""threshold"": 0.0, ""passed"": true}}, ""failures"": [""structural_soundness_fail: ""], ""warnings"": [], ""classification"": ""research""}",0.0,0.0,0.25760992759470236,production,production,False,False,0.1
(*)|(*)|(reg_atr_change_rate_ts_band30_70==1&reg_atr_change_rate_ts_top20==1&reg_atr_change_rate_ts_top50==1&reg_atr_change_rate_ts_top60==1),*,*,reg_atr_change_rate_ts_band30_70==1&reg_atr_change_rate_ts_top20==1&reg_atr_change_rate_ts_top50==1&reg_atr_change_rate_ts_top60==1,-0.3427436649799347,0.3427436649799347,0.020218267264526933,0.2871331175168355,0.12822222222222224,0.02047055051776157,1.0,1.0,0.5136054421768708,1361,,,-0.008190849442447566,-0.023033144910150537,-0.004717056829321204,0.00838834233181859,,0.3333333333333333,,,,0.01036087931924598,,0.16056636372242733,0.09218865976790092,0.1692922762448318,1.6080116853117946e-10,0.00031762454915123086,0.01,0.01,0.01,0.01,0.016080116853117943,0.003335078737132133,0.003335078737132133,9.000467222222222e-05,-0.3428336696521569,3,3,3,4,4,stage_a_context,,short,4-way,True,,production,production,,,9.337211666493594e-05,1.0,primary_target,0,ranking,research,"{""checks"": {""n_folds"": {""value"": 3, ""threshold"": 3, ""passed"": true}, ""healthy_fold_count"": {""value"": 3, ""threshold"": 2, ""passed"": true}, ""healthy_fold_ratio"": {""value"": 1.0, ""threshold"": 0.6666666666666666, ""passed"": true}, ""presence_freq"": {""value"": 1.0, ""threshold"": 0.75, ""passed"": true}, ""directional_mean_ret"": {""value"": 0.3427436649799347, ""threshold"": 0.0, ""passed"": true}, ""hurdle_excess"": {""value"": 0.3426536603077125, ""threshold"": 0.0, ""passed"": true}, ""min_support_actual"": {""value"": 1361, ""threshold"": 50, ""passed"": true}, ""is_structurally_sound"": {""value"": false, ""passed"": false}, ""trade_path_quality_score"": {""value"": 1.6080116853117946e-10, ""threshold"": 0.0, ""passed"": true}}, ""failures"": [""structural_soundness_fail: ""], ""warnings"": [], ""classification"": ""research""}",0.0,0.0,0.285535622006218,production,production,False,False,0.1
(*)|(*)|(reg_atr_change_rate_ts_bot20==0&reg_atr_change_rate_ts_top50==1&reg_atr_change_rate_ts_top60==1&reg_atr_change_rate_ts_top70==0),*,*,reg_atr_change_rate_ts_bot20==0&reg_atr_change_rate_ts_top50==1&reg_atr_change_rate_ts_top60==1&reg_atr_change_rate_ts_top70==0,-0.3427436649799347,0.3427436649799347,0.020218267264526933,0.2871331175168355,0.12822222222222224,0.02047055051776157,1.0,1.0,0.5136054421768708,1361,,,-0.008190849442447566,-0.023033144910150537,-0.004717056829321204,0.00838834233181859,,0.3333333333333333,,,,0.01036087931924598,,0.16056636372242733,0.09218865976790092,0.1692922762448318,1.6080116853117946e-10,0.00031762454915123086,0.01,0.01,0.01,0.01,0.016080116853117943,0.003335078737132133,0.003335078737132133,9.000467222222222e-05,-0.3428336696521569,3,1,1,4,4,stage_a_context,,short,4-way,True,,production,production,,,9.337211666493594e-05,1.0,primary_target,0,ranking,research,"{""checks"": {""n_folds"": {""value"": 3, ""threshold"": 3, ""passed"": true}, ""healthy_fold_count"": {""value"": 3, ""threshold"": 2, ""passed"": true}, ""healthy_fold_ratio"": {""value"": 1.0, ""threshold"": 0.6666666666666666, ""passed"": true}, ""presence_freq"": {""value"": 1.0, ""threshold"": 0.75, ""passed"": true}, ""directional_mean_ret"": {""value"": 0.3427436649799347, ""threshold"": 0.0, ""passed"": true}, ""hurdle_excess"": {""value"": 0.3426536603077125, ""threshold"": 0.0, ""passed"": true}, ""min_support_actual"": {""value"": 1361, ""threshold"": 50, ""passed"": true}, ""is_structurally_sound"": {""value"": false, ""passed"": false}, ""trade_path_quality_score"": {""value"": 1.6080116853117946e-10, ""threshold"": 0.0, ""passed"": true}}, ""failures"": [""structural_soundness_fail: ""], ""warnings"": [], ""classification"": ""research""}",0.0,0.0,0.4799968567864646,production,production,False,False,0.1
(*)|(*)|(reg_atr_change_rate_ts_bot70==1&reg_atr_change_rate_ts_top20==1&reg_atr_change_rate_ts_top50==1&reg_atr_change_rate_ts_top60==1&reg_atr_change_rate_ts_top80==0),*,*,reg_atr_change_rate_ts_bot70==1&reg_atr_change_rate_ts_top20==1&reg_atr_change_rate_ts_top50==1&reg_atr_change_rate_ts_top60==1&reg_atr_change_rate_ts_top80==0,-0.3427436649799347,0.3427436649799347,0.020218267264526933,0.2871331175168355,0.12822222222222224,0.02047055051776157,1.0,1.0,0.5136054421768708,1361,,,-0.008190849442447566,-0.023033144910150537,-0.004717056829321204,0.00838834233181859,,0.3333333333333333,,,,0.01036087931924598,,0.16056636372242733,0.09218865976790092,0.1692922762448318,1.6080116853117946e-10,0.00031762454915123086,0.01,0.01,0.01,0.01,0.016080116853117943,0.003335078737132133,0.003335078737132133,9.000467222222222e-05,-0.3428336696521569,3,1,1,5,5,stage_a_context,,short,5-way,True,,production,production,,,9.337211666493594e-05,1.0,primary_target,0,ranking,research,"{""checks"": {""n_folds"": {""value"": 3, ""threshold"": 3, ""passed"": true}, ""healthy_fold_count"": {""value"": 3, ""threshold"": 2, ""passed"": true}, ""healthy_fold_ratio"": {""value"": 1.0, ""threshold"": 0.6666666666666666, ""passed"": true}, ""presence_freq"": {""value"": 1.0, ""threshold"": 0.75, ""passed"": true}, ""directional_mean_ret"": {""value"": 0.3427436649799347, ""threshold"": 0.0, ""passed"": true}, ""hurdle_excess"": {""value"": 0.3426536603077125, ""threshold"": 0.0, ""passed"": true}, ""min_support_actual"": {""value"": 1361, ""threshold"": 50, ""passed"": true}, ""is_structurally_sound"": {""value"": false, ""passed"": false}, ""trade_path_quality_score"": {""value"": 1.6080116853117946e-10, ""threshold"": 0.0, ""passed"": true}}, ""failures"": [""structural_soundness_fail: ""], ""warnings"": [], ""classification"": ""research""}",0.0,0.0,0.2771842645010243,production,production,False,False,0.1
(*)|(*)|(reg_atr_change_rate_ts_top20==1&reg_atr_change_rate_ts_top40==1&reg_atr_change_rate_ts_top60==1&reg_atr_change_rate_ts_top70==0),*,*,reg_atr_change_rate_ts_top20==1&reg_atr_change_rate_ts_top40==1&reg_atr_change_rate_ts_top60==1&reg_atr_change_rate_ts_top70==0,-0.3427436649799347,0.3427436649799347,0.020218267264526933,0.2871331175168355,0.12822222222222224,0.02047055051776157,1.0,1.0,0.5136054421768708,1361,,,-0.008190849442447566,-0.023033144910150537,-0.004717056829321204,0.00838834233181859,,0.3333333333333333,,,,0.01036087931924598,,0.16056636372242733,0.09218865976790092,0.1692922762448318,1.6080116853117946e-10,0.00031762454915123086,0.01,0.01,0.01,0.01,0.016080116853117943,0.003335078737132133,0.003335078737132133,9.000467222222222e-05,-0.3428336696521569,3,2,2,4,4,stage_a_context,,short,4-way,True,,production,production,,,9.337211666493594e-05,1.0,primary_target,0,ranking,research,"{""checks"": {""n_folds"": {""value"": 3, ""threshold"": 3, ""passed"": true}, ""healthy_fold_count"": {""value"": 3, ""threshold"": 2, ""passed"": true}, ""healthy_fold_ratio"": {""value"": 1.0, ""threshold"": 0.6666666666666666, ""passed"": true}, ""presence_freq"": {""value"": 1.0, ""threshold"": 0.75, ""passed"": true}, ""directional_mean_ret"": {""value"": 0.3427436649799347, ""threshold"": 0.0, ""passed"": true}, ""hurdle_excess"": {""value"": 0.3426536603077125, ""threshold"": 0.0, ""passed"": true}, ""min_support_actual"": {""value"": 1361, ""threshold"": 50, ""passed"": true}, ""is_structurally_sound"": {""value"": false, ""passed"": false}, ""trade_path_quality_score"": {""value"": 1.6080116853117946e-10, ""threshold"": 0.0, ""passed"": true}}, ""failures"": [""structural_soundness_fail: ""], ""warnings"": [], ""classification"": ""research""}",0.0,0.0,0.4778255902227026,production,production,False,False,0.1
(*)|(*)|(reg_atr_change_rate_ts_top20==1&reg_atr_change_rate_ts_top50==1&reg_atr_change_rate_ts_top60==1&reg_atr_change_rate_ts_top70==0),*,*,reg_atr_change_rate_ts_top20==1&reg_atr_change_rate_ts_top50==1&reg_atr_change_rate_ts_top60==1&reg_atr_change_rate_ts_top70==0,-0.3427436649799347,0.3427436649799347,0.020218267264526933,0.2871331175168355,0.12822222222222224,0.02047055051776157,1.0,1.0,0.5136054421768708,1361,,,-0.008190849442447566,-0.023033144910150537,-0.004717056829321204,0.00838834233181859,,0.3333333333333333,,,,0.01036087931924598,,0.16056636372242733,0.09218865976790092,0.1692922762448318,1.6080116853117946e-10,0.00031762454915123086,0.01,0.01,0.01,0.01,0.016080116853117943,0.003335078737132133,0.003335078737132133,9.000467222222222e-05,-0.3428336696521569,3,2,2,4,4,stage_a_context,,short,4-way,True,,production,production,,,9.337211666493594e-05,1.0,primary_target,0,ranking,research,"{""checks"": {""n_folds"": {""value"": 3, ""threshold"": 3, ""passed"": true}, ""healthy_fold_count"": {""value"": 3, ""threshold"": 2, ""passed"": true}, ""healthy_fold_ratio"": {""value"": 1.0, ""threshold"": 0.6666666666666666, ""passed"": true}, ""presence_freq"": {""value"": 1.0, ""threshold"": 0.75, ""passed"": true}, ""directional_mean_ret"": {""value"": 0.3427436649799347, ""threshold"": 0.0, ""passed"": true}, ""hurdle_excess"": {""value"": 0.3426536603077125, ""threshold"": 0.0, ""passed"": true}, ""min_support_actual"": {""value"": 1361, ""threshold"": 50, ""passed"": true}, ""is_structurally_sound"": {""value"": false, ""passed"": false}, ""trade_path_quality_score"": {""value"": 1.6080116853117946e-10, ""threshold"": 0.0, ""passed"": true}}, ""failures"": [""structural_soundness_fail: ""], ""warnings"": [], ""classification"": ""research""}",0.0,0.0,0.3125752989746694,production,production,False,False,0.1
(*)|(loc_dist_ema20_atr_ts_band25_75==1)|(reg_atr_change_rate_ts_bot70==1&reg_atr_change_rate_ts_top20==1&reg_atr_change_rate_ts_top60==1),*,loc_dist_ema20_atr_ts_band25_75==1,reg_atr_change_rate_ts_bot70==1&reg_atr_change_rate_ts_top20==1&reg_atr_change_rate_ts_top60==1,-0.3427436649799347,0.3427436649799347,0.020218267264526933,0.2871331175168355,0.12822222222222224,0.02047055051776157,1.0,1.0,0.5136054421768708,1361,,,-0.008190849442447566,-0.023033144910150537,-0.004717056829321204,0.00838834233181859,,0.3333333333333333,,,,0.01036087931924598,,0.16056636372242733,0.09218865976790092,0.1692922762448318,1.6080116853117946e-10,0.00031762454915123086,0.01,0.01,0.01,0.01,0.016080116853117943,0.003335078737132133,0.003335078737132133,9.000467222222222e-05,-0.3428336696521569,3,1,1,4,4,stage_a_context,,short,4-way,True,,production,production,,,9.337211666493594e-05,1.0,primary_target,0,ranking,research,"{""checks"": {""n_folds"": {""value"": 3, ""threshold"": 3, ""passed"": true}, ""healthy_fold_count"": {""value"": 3, ""threshold"": 2, ""passed"": true}, ""healthy_fold_ratio"": {""value"": 1.0, ""threshold"": 0.6666666666666666, ""passed"": true}, ""presence_freq"": {""value"": 1.0, ""threshold"": 0.75, ""passed"": true}, ""directional_mean_ret"": {""value"": 0.3427436649799347, ""threshold"": 0.0, ""passed"": true}, ""hurdle_excess"": {""value"": 0.3426536603077125, ""threshold"": 0.0, ""passed"": true}, ""min_support_actual"": {""value"": 1361, ""threshold"": 50, ""passed"": true}, ""is_structurally_sound"": {""value"": false, ""passed"": false}, ""trade_path_quality_score"": {""value"": 1.6080116853117946e-10, ""threshold"": 0.0, ""passed"": true}}, ""failures"": [""structural_soundness_fail: ""], ""warnings"": [], ""classification"": ""research""}",0.0,0.0,0.23871062877883098,production,production,False,False,0.1
(*)|(loc_dist_ema20_atr_ts_band25_75==1)|(reg_atr_change_rate_ts_top20==1&reg_atr_change_rate_ts_top40==1&reg_atr_change_rate_ts_top60==1&reg_atr_change_rate_ts_top70==0),*,loc_dist_ema20_atr_ts_band25_75==1,reg_atr_change_rate_ts_top20==1&reg_atr_change_rate_ts_top40==1&reg_atr_change_rate_ts_top60==1&reg_atr_change_rate_ts_top70==0,-0.3427436649799347,0.3427436649799347,0.020218267264526933,0.2871331175168355,0.12822222222222224,0.02047055051776157,1.0,1.0,0.5136054421768708,1361,,,-0.008190849442447566,-0.023033144910150537,-0.004717056829321204,0.00838834233181859,,0.3333333333333333,,,,0.01036087931924598,,0.16056636372242733,0.09218865976790092,0.1692922762448318,1.6080116853117946e-10,0.00031762454915123086,0.01,0.01,0.01,0.01,0.016080116853117943,0.003335078737132133,0.003335078737132133,9.000467222222222e-05,-0.3428336696521569,3,1,1,5,5,stage_a_context,,short,5-way,True,,production,production,,,9.337211666493594e-05,1.0,primary_target,0,ranking,research,"{""checks"": {""n_folds"": {""value"": 3, ""threshold"": 3, ""passed"": true}, ""healthy_fold_count"": {""value"": 3, ""threshold"": 2, ""passed"": true}, ""healthy_fold_ratio"": {""value"": 1.0, ""threshold"": 0.6666666666666666, ""passed"": true}, ""presence_freq"": {""value"": 1.0, ""threshold"": 0.75, ""passed"": true}, ""directional_mean_ret"": {""value"": 0.3427436649799347, ""threshold"": 0.0, ""passed"": true}, ""hurdle_excess"": {""value"": 0.3426536603077125, ""threshold"": 0.0, ""passed"": true}, ""min_support_actual"": {""value"": 1361, ""threshold"": 50, ""passed"": true}, ""is_structurally_sound"": {""value"": false, ""passed"": false}, ""trade_path_quality_score"": {""value"": 1.6080116853117946e-10, ""threshold"": 0.0, ""passed"": true}}, ""failures"": [""structural_soundness_fail: ""], ""warnings"": [], ""classification"": ""research""}",0.0,0.0,0.4188330186007142,production,production,False,False,0.1
(*)|(loc_dist_ema20_atr_ts_band30_70==1&loc_dist_ema20_atr_ts_top20==1)|(reg_atr_change_rate_ts_top40==1&reg_atr_change_rate_ts_top60==1),*,loc_dist_ema20_atr_ts_band30_70==1&loc_dist_ema20_atr_ts_top20==1,reg_atr_change_rate_ts_top40==1&reg_atr_change_rate_ts_top60==1,-0.3427436649799347,0.3427436649799347,0.020218267264526933,0.2871331175168355,0.12822222222222224,0.02047055051776157,1.0,1.0,0.5136054421768708,1361,,,-0.008190849442447566,-0.023033144910150537,-0.004717056829321204,0.00838834233181859,,0.3333333333333333,,,,0.01036087931924598,,0.16056636372242733,0.09218865976790092,0.1692922762448318,1.6080116853117946e-10,0.00031762454915123086,0.01,0.01,0.01,0.01,0.016080116853117943,0.003335078737132133,0.003335078737132133,9.000467222222222e-05,-0.3428336696521569,3,1,1,4,4,stage_a_context,,short,4-way,True,,production,production,,,9.337211666493594e-05,1.0,primary_target,0,ranking,research,"{""checks"": {""n_folds"": {""value"": 3, ""threshold"": 3, ""passed"": true}, ""healthy_fold_count"": {""value"": 3, ""threshold"": 2, ""passed"": true}, ""healthy_fold_ratio"": {""value"": 1.0, ""threshold"": 0.6666666666666666, ""passed"": true}, ""presence_freq"": {""value"": 1.0, ""threshold"": 0.75, ""passed"": true}, ""directional_mean_ret"": {""value"": 0.3427436649799347, ""threshold"": 0.0, ""passed"": true}, ""hurdle_excess"": {""value"": 0.3426536603077125, ""threshold"": 0.0, ""passed"": true}, ""min_support_actual"": {""value"": 1361, ""threshold"": 50, ""passed"": true}, ""is_structurally_sound"": {""value"": false, ""passed"": false}, ""trade_path_quality_score"": {""value"": 1.6080116853117946e-10, ""threshold"": 0.0, ""passed"": true}}, ""failures"": [""structural_soundness_fail: ""], ""warnings"": [], ""classification"": ""research""}",0.0,0.0,0.551061059663566,production,production,False,False,0.1
(*)|(loc_dist_ema20_atr_ts_band30_70==1&loc_dist_ema20_atr_ts_top50==1)|(reg_atr_change_rate_ts_top20==1&reg_atr_change_rate_ts_top60==1),*,loc_dist_ema20_atr_ts_band30_70==1&loc_dist_ema20_atr_ts_top50==1,reg_atr_change_rate_ts_top20==1&reg_atr_change_rate_ts_top60==1,-0.3427436649799347,0.3427436649799347,0.020218267264526933,0.2871331175168355,0.12822222222222224,0.02047055051776157,1.0,1.0,0.5136054421768708,1361,,,-0.008190849442447566,-0.023033144910150537,-0.004717056829321204,0.00838834233181859,,0.3333333333333333,,,,0.01036087931924598,,0.16056636372242733,0.09218865976790092,0.1692922762448318,1.6080116853117946e-10,0.00031762454915123086,0.01,0.01,0.01,0.01,0.016080116853117943,0.003335078737132133,0.003335078737132133,9.000467222222222e-05,-0.3428336696521569,3,1,1,4,4,stage_a_context,,short,4-way,True,,production,production,,,9.337211666493594e-05,1.0,primary_target,0,ranking,research,"{""checks"": {""n_folds"": {""value"": 3, ""threshold"": 3, ""passed"": true}, ""healthy_fold_count"": {""value"": 3, ""threshold"": 2, ""passed"": true}, ""healthy_fold_ratio"": {""value"": 1.0, ""threshold"": 0.6666666666666666, ""passed"": true}, ""presence_freq"": {""value"": 1.0, ""threshold"": 0.75, ""passed"": true}, ""directional_mean_ret"": {""value"": 0.3427436649799347, ""threshold"": 0.0, ""passed"": true}, ""hurdle_excess"": {""value"": 0.3426536603077125, ""threshold"": 0.0, ""passed"": true}, ""min_support_actual"": {""value"": 1361, ""threshold"": 50, ""passed"": true}, ""is_structurally_sound"": {""value"": false, ""passed"": false}, ""trade_path_quality_score"": {""value"": 1.6080116853117946e-10, ""threshold"": 0.0, ""passed"": true}}, ""failures"": [""structural_soundness_fail: ""], ""warnings"": [], ""classification"": ""research""}",0.0,0.0,0.4018029581908547,production,production,False,False,0.1
(*)|(loc_dist_ema20_atr_ts_band30_70==1)|(reg_atr_change_rate_ts_top20==1&reg_atr_change_rate_ts_top50==1&reg_atr_change_rate_ts_top60==1),*,loc_dist_ema20_atr_ts_band30_70==1,reg_atr_change_rate_ts_top20==1&reg_atr_change_rate_ts_top50==1&reg_atr_change_rate_ts_top60==1,-0.3427436649799347,0.3427436649799347,0.020218267264526933,0.2871331175168355,0.12822222222222224,0.02047055051776157,1.0,1.0,0.5136054421768708,1361,,,-0.008190849442447566,-0.023033144910150537,-0.004717056829321204,0.00838834233181859,,0.3333333333333333,,,,0.01036087931924598,,0.16056636372242733,0.09218865976790092,0.1692922762448318,1.6080116853117946e-10,0.00031762454915123086,0.01,0.01,0.01,0.01,0.016080116853117943,0.003335078737132133,0.003335078737132133,9.000467222222222e-05,-0.3428336696521569,3,1,1,4,4,stage_a_context,,short,4-way,True,,production,production,,,9.337211666493594e-05,1.0,primary_target,0,ranking,research,"{""checks"": {""n_folds"": {""value"": 3, ""threshold"": 3, ""passed"": true}, ""healthy_fold_count"": {""value"": 3, ""threshold"": 2, ""passed"": true}, ""healthy_fold_ratio"": {""value"": 1.0, ""threshold"": 0.6666666666666666, ""passed"": true}, ""presence_freq"": {""value"": 1.0, ""threshold"": 0.75, ""passed"": true}, ""directional_mean_ret"": {""value"": 0.3427436649799347, ""threshold"": 0.0, ""passed"": true}, ""hurdle_excess"": {""value"": 0.3426536603077125, ""threshold"": 0.0, ""passed"": true}, ""min_support_actual"": {""value"": 1361, ""threshold"": 50, ""passed"": true}, ""is_structurally_sound"": {""value"": false, ""passed"": false}, ""trade_path_quality_score"": {""value"": 1.6080116853117946e-10, ""threshold"": 0.0, ""passed"": true}}, ""failures"": [""structural_soundness_fail: ""], ""warnings"": [], ""classification"": ""research""}",0.0,0.0,0.5400554817793548,production,production,False,False,0.1
(*)|(loc_dist_ema20_atr_ts_band40_60==0&loc_dist_ema20_atr_ts_top40==1)|(reg_atr_change_rate_ts_band30_70==1&reg_atr_change_rate_ts_top20==1),*,loc_dist_ema20_atr_ts_band40_60==0&loc_dist_ema20_atr_ts_top40==1,reg_atr_change_rate_ts_band30_70==1&reg_atr_change_rate_ts_top20==1,-0.3427436649799347,0.3427436649799347,0.020218267264526933,0.2871331175168355,0.12822222222222224,0.02047055051776157,1.0,1.0,0.5136054421768708,1361,,,-0.008190849442447566,-0.023033144910150537,-0.004717056829321204,0.00838834233181859,,0.3333333333333333,,,,0.01036087931924598,,0.16056636372242733,0.09218865976790092,0.1692922762448318,1.6080116853117946e-10,0.00031762454915123086,0.01,0.01,0.01,0.01,0.016080116853117943,0.003335078737132133,0.003335078737132133,9.000467222222222e-05,-0.3428336696521569,3,1,1,4,4,stage_a_context,,short,4-way,True,,production,production,,,9.337211666493594e-05,1.0,primary_target,0,ranking,research,"{""checks"": {""n_folds"": {""value"": 3, ""threshold"": 3, ""passed"": true}, ""healthy_fold_count"": {""value"": 3, ""threshold"": 2, ""passed"": true}, ""healthy_fold_ratio"": {""value"": 1.0, ""threshold"": 0.6666666666666666, ""passed"": true}, ""presence_freq"": {""value"": 1.0, ""threshold"": 0.75, ""passed"": true}, ""directional_mean_ret"": {""value"": 0.3427436649799347, ""threshold"": 0.0, ""passed"": true}, ""hurdle_excess"": {""value"": 0.3426536603077125, ""threshold"": 0.0, ""passed"": true}, ""min_support_actual"": {""value"": 1361, ""threshold"": 50, ""passed"": true}, ""is_structurally_sound"": {""value"": false, ""passed"": false}, ""trade_path_quality_score"": {""value"": 1.6080116853117946e-10, ""threshold"": 0.0, ""passed"": true}}, ""failures"": [""structural_soundness_fail: ""], ""warnings"": [], ""classification"": ""research""}",0.0,0.0,0.44064062044233826,production,production,False,False,0.1
(*)|(loc_dist_ema20_atr_ts_band40_60==0)|(reg_atr_change_rate_ts_band25_75==1&reg_atr_change_rate_ts_bot70==1&reg_atr_change_rate_ts_top20==1&reg_atr_change_rate_ts_top40==1),*,loc_dist_ema20_atr_ts_band40_60==0,reg_atr_change_rate_ts_band25_75==1&reg_atr_change_rate_ts_bot70==1&reg_atr_change_rate_ts_top20==1&reg_atr_change_rate_ts_top40==1,-0.3427436649799347,0.3427436649799347,0.020218267264526933,0.2871331175168355,0.12822222222222224,0.02047055051776157,1.0,1.0,0.5136054421768708,1361,,,-0.008190849442447566,-0.023033144910150537,-0.004717056829321204,0.00838834233181859,,0.3333333333333333,,,,0.01036087931924598,,0.16056636372242733,0.09218865976790092,0.1692922762448318,1.6080116853117946e-10,0.00031762454915123086,0.01,0.01,0.01,0.01,0.016080116853117943,0.003335078737132133,0.003335078737132133,9.000467222222222e-05,-0.3428336696521569,3,1,1,5,5,stage_a_context,,short,5-way,True,,production,production,,,9.337211666493594e-05,1.0,primary_target,0,ranking,research,"{""checks"": {""n_folds"": {""value"": 3, ""threshold"": 3, ""passed"": true}, ""healthy_fold_count"": {""value"": 3, ""threshold"": 2, ""passed"": true}, ""healthy_fold_ratio"": {""value"": 1.0, ""threshold"": 0.6666666666666666, ""passed"": true}, ""presence_freq"": {""value"": 1.0, ""threshold"": 0.75, ""passed"": true}, ""directional_mean_ret"": {""value"": 0.3427436649799347, ""threshold"": 0.0, ""passed"": true}, ""hurdle_excess"": {""value"": 0.3426536603077125, ""threshold"": 0.0, ""passed"": true}, ""min_support_actual"": {""value"": 1361, ""threshold"": 50, ""passed"": true}, ""is_structurally_sound"": {""value"": false, ""passed"": false}, ""trade_path_quality_score"": {""value"": 1.6080116853117946e-10, ""threshold"": 0.0, ""passed"": true}}, ""failures"": [""structural_soundness_fail: ""], ""warnings"": [], ""classification"": ""research""}",0.0,0.0,0.33801620673493377,production,production,False,False,0.1
(*)|(loc_dist_ema20_atr_ts_bot20==0&loc_dist_ema20_atr_ts_bot30==0)|(reg_atr_change_rate_ts_bot70==1&reg_atr_change_rate_ts_top50==1&reg_atr_change_rate_ts_top60==1),*,loc_dist_ema20_atr_ts_bot20==0&loc_dist_ema20_atr_ts_bot30==0,reg_atr_change_rate_ts_bot70==1&reg_atr_change_rate_ts_top50==1&reg_atr_change_rate_ts_top60==1,-0.3427436649799347,0.3427436649799347,0.020218267264526933,0.2871331175168355,0.12822222222222224,0.02047055051776157,1.0,1.0,0.5136054421768708,1361,,,-0.008190849442447566,-0.023033144910150537,-0.004717056829321204,0.00838834233181859,,0.3333333333333333,,,,0.01036087931924598,,0.16056636372242733,0.09218865976790092,0.1692922762448318,1.6080116853117946e-10,0.00031762454915123086,0.01,0.01,0.01,0.01,0.016080116853117943,0.003335078737132133,0.003335078737132133,9.000467222222222e-05,-0.3428336696521569,3,1,1,5,5,stage_a_context,,short,5-way,True,,production,production,,,9.337211666493594e-05,1.0,primary_target,0,ranking,research,"{""checks"": {""n_folds"": {""value"": 3, ""threshold"": 3, ""passed"": true}, ""healthy_fold_count"": {""value"": 3, ""threshold"": 2, ""passed"": true}, ""healthy_fold_ratio"": {""value"": 1.0, ""threshold"": 0.6666666666666666, ""passed"": true}, ""presence_freq"": {""value"": 1.0, ""threshold"": 0.75, ""passed"": true}, ""directional_mean_ret"": {""value"": 0.3427436649799347, ""threshold"": 0.0, ""passed"": true}, ""hurdle_excess"": {""value"": 0.3426536603077125, ""threshold"": 0.0, ""passed"": true}, ""min_support_actual"": {""value"": 1361, ""threshold"": 50, ""passed"": true}, ""is_structurally_sound"": {""value"": false, ""passed"": false}, ""trade_path_quality_score"": {""value"": 1.6080116853117946e-10, ""threshold"": 0.0, ""passed"": true}}, ""failures"": [""structural_soundness_fail: ""], ""warnings"": [], ""classification"": ""research""}",0.0,0.0,0.38521578687002583,production,production,False,False,0.1
(*)|(loc_dist_ema20_atr_ts_bot20==0&loc_dist_ema20_atr_ts_top30==1)|(reg_atr_change_rate_ts_top60==1&reg_atr_change_rate_ts_top70==0),*,loc_dist_ema20_atr_ts_bot20==0&loc_dist_ema20_atr_ts_top30==1,reg_atr_change_rate_ts_top60==1&reg_atr_change_rate_ts_top70==0,-0.3427436649799347,0.3427436649799347,0.020218267264526933,0.2871331175168355,0.12822222222222224,0.02047055051776157,1.0,1.0,0.5136054421768708,1361,,,-0.008190849442447566,-0.023033144910150537,-0.004717056829321204,0.00838834233181859,,0.3333333333333333,,,,0.01036087931924598,,0.16056636372242733,0.09218865976790092,0.1692922762448318,1.6080116853117946e-10,0.00031762454915123086,0.01,0.01,0.01,0.01,0.016080116853117943,0.003335078737132133,0.003335078737132133,9.000467222222222e-05,-0.3428336696521569,3,1,1,4,4,stage_a_context,,short,4-way,True,,production,production,,,9.337211666493594e-05,1.0,primary_target,0,ranking,research,"{""checks"": {""n_folds"": {""value"": 3, ""threshold"": 3, ""passed"": true}, ""healthy_fold_count"": {""value"": 3, ""threshold"": 2, ""passed"": true}, ""healthy_fold_ratio"": {""value"": 1.0, ""threshold"": 0.6666666666666666, ""passed"": true}, ""presence_freq"": {""value"": 1.0, ""threshold"": 0.75, ""passed"": true}, ""directional_mean_ret"": {""value"": 0.3427436649799347, ""threshold"": 0.0, ""passed"": true}, ""hurdle_excess"": {""value"": 0.3426536603077125, ""threshold"": 0.0, ""passed"": true}, ""min_support_actual"": {""value"": 1361, ""threshold"": 50, ""passed"": true}, ""is_structurally_sound"": {""value"": false, ""passed"": false}, ""trade_path_quality_score"": {""value"": 1.6080116853117946e-10, ""threshold"": 0.0, ""passed"": true}}, ""failures"": [""structural_soundness_fail: ""], ""warnings"": [], ""classification"": ""research""}",0.0,0.0,0.2909756679279706,production,production,False,False,0.1
(*)|(loc_dist_ema20_atr_ts_bot20==0)|(reg_atr_change_rate_ts_band30_70==1&reg_atr_change_rate_ts_top40==1&reg_atr_change_rate_ts_top60==1),*,loc_dist_ema20_atr_ts_bot20==0,reg_atr_change_rate_ts_band30_70==1&reg_atr_change_rate_ts_top40==1&reg_atr_change_rate_ts_top60==1,-0.3427436649799347,0.3427436649799347,0.020218267264526933,0.2871331175168355,0.12822222222222224,0.02047055051776157,1.0,1.0,0.5136054421768708,1361,,,-0.008190849442447566,-0.023033144910150537,-0.004717056829321204,0.00838834233181859,,0.3333333333333333,,,,0.01036087931924598,,0.16056636372242733,0.09218865976790092,0.1692922762448318,1.6080116853117946e-10,0.00031762454915123086,0.01,0.01,0.01,0.01,0.016080116853117943,0.003335078737132133,0.003335078737132133,9.000467222222222e-05,-0.3428336696521569,3,1,1,4,4,stage_a_context,,short,4-way,True,,production,production,,,9.337211666493594e-05,1.0,primary_target,0,ranking,research,"{""checks"": {""n_folds"": {""value"": 3, ""threshold"": 3, ""passed"": true}, ""healthy_fold_count"": {""value"": 3, ""threshold"": 2, ""passed"": true}, ""healthy_fold_ratio"": {""value"": 1.0, ""threshold"": 0.6666666666666666, ""passed"": true}, ""presence_freq"": {""value"": 1.0, ""threshold"": 0.75, ""passed"": true}, ""directional_mean_ret"": {""value"": 0.3427436649799347, ""threshold"": 0.0, ""passed"": true}, ""hurdle_excess"": {""value"": 0.3426536603077125, ""threshold"": 0.0, ""passed"": true}, ""min_support_actual"": {""value"": 1361, ""threshold"": 50, ""passed"": true}, ""is_structurally_sound"": {""value"": false, ""passed"": false}, ""trade_path_quality_score"": {""value"": 1.6080116853117946e-10, ""threshold"": 0.0, ""passed"": true}}, ""failures"": [""structural_soundness_fail: ""], ""warnings"": [], ""classification"": ""research""}",0.0,0.0,0.32825216026943377,production,production,False,False,0.1
(*)|(loc_dist_ema20_atr_ts_bot20==0)|(reg_atr_change_rate_ts_bot40==0&reg_atr_change_rate_ts_top60==1&reg_atr_change_rate_ts_top70==0),*,loc_dist_ema20_atr_ts_bot20==0,reg_atr_change_rate_ts_bot40==0&reg_atr_change_rate_ts_top60==1&reg_atr_change_rate_ts_top70==0,-0.3427436649799347,0.3427436649799347,0.020218267264526933,0.2871331175168355,0.12822222222222224,0.02047055051776157,1.0,1.0,0.5136054421768708,1361,,,-0.008190849442447566,-0.023033144910150537,-0.004717056829321204,0.00838834233181859,,0.3333333333333333,,,,0.01036087931924598,,0.16056636372242733,0.09218865976790092,0.1692922762448318,1.6080116853117946e-10,0.00031762454915123086,0.01,0.01,0.01,0.01,0.016080116853117943,0.003335078737132133,0.003335078737132133,9.000467222222222e-05,-0.3428336696521569,3,1,1,4,4,stage_a_context,,short,4-way,True,,production,production,,,9.337211666493594e-05,1.0,primary_target,0,ranking,research,"{""checks"": {""n_folds"": {""value"": 3, ""threshold"": 3, ""passed"": true}, ""healthy_fold_count"": {""value"": 3, ""threshold"": 2, ""passed"": true}, ""healthy_fold_ratio"": {""value"": 1.0, ""threshold"": 0.6666666666666666, ""passed"": true}, ""presence_freq"": {""value"": 1.0, ""threshold"": 0.75, ""passed"": true}, ""directional_mean_ret"": {""value"": 0.3427436649799347, ""threshold"": 0.0, ""passed"": true}, ""hurdle_excess"": {""value"": 0.3426536603077125, ""threshold"": 0.0, ""passed"": true}, ""min_support_actual"": {""value"": 1361, ""threshold"": 50, ""passed"": true}, ""is_structurally_sound"": {""value"": false, ""passed"": false}, ""trade_path_quality_score"": {""value"": 1.6080116853117946e-10, ""threshold"": 0.0, ""passed"": true}}, ""failures"": [""structural_soundness_fail: ""], ""warnings"": [], ""classification"": ""research""}",0.0,0.0,0.2870938607984706,production,production,False,False,0.1
(*)|(loc_dist_ema20_atr_ts_bot20==0)|(reg_atr_change_rate_ts_bot70==1&reg_atr_change_rate_ts_bot80==1&reg_atr_change_rate_ts_top60==1),*,loc_dist_ema20_atr_ts_bot20==0,reg_atr_change_rate_ts_bot70==1&reg_atr_change_rate_ts_bot80==1&reg_atr_change_rate_ts_top60==1,-0.3427436649799347,0.3427436649799347,0.020218267264526933,0.2871331175168355,0.12822222222222224,0.02047055051776157,1.0,1.0,0.5136054421768708,1361,,,-0.008190849442447566,-0.023033144910150537,-0.004717056829321204,0.00838834233181859,,0.3333333333333333,,,,0.01036087931924598,,0.16056636372242733,0.09218865976790092,0.1692922762448318,1.6080116853117946e-10,0.00031762454915123086,0.01,0.01,0.01,0.01,0.016080116853117943,0.003335078737132133,0.003335078737132133,9.000467222222222e-05,-0.3428336696521569,3,1,1,4,4,stage_a_context,,short,4-way,True,,production,production,,,9.337211666493594e-05,1.0,primary_target,0,ranking,research,"{""checks"": {""n_folds"": {""value"": 3, ""threshold"": 3, ""passed"": true}, ""healthy_fold_count"": {""value"": 3, ""threshold"": 2, ""passed"": true}, ""healthy_fold_ratio"": {""value"": 1.0, ""threshold"": 0.6666666666666666, ""passed"": true}, ""presence_freq"": {""value"": 1.0, ""threshold"": 0.75, ""passed"": true}, ""directional_mean_ret"": {""value"": 0.3427436649799347, ""threshold"": 0.0, ""passed"": true}, ""hurdle_excess"": {""value"": 0.3426536603077125, ""threshold"": 0.0, ""passed"": true}, ""min_support_actual"": {""value"": 1361, ""threshold"": 50, ""passed"": true}, ""is_structurally_sound"": {""value"": false, ""passed"": false}, ""trade_path_quality_score"": {""value"": 1.6080116853117946e-10, ""threshold"": 0.0, ""passed"": true}}, ""failures"": [""structural_soundness_fail: ""], ""warnings"": [], ""classification"": ""research""}",0.0,0.0,0.3402228490480956,production,production,False,False,0.1
(*)|(loc_dist_ema20_atr_ts_bot20==0)|(reg_atr_change_rate_ts_top50==1&reg_atr_change_rate_ts_top60==1&reg_atr_compression_ratio_ts_band30_70==1),*,loc_dist_ema20_atr_ts_bot20==0,reg_atr_change_rate_ts_top50==1&reg_atr_change_rate_ts_top60==1&reg_atr_compression_ratio_ts_band30_70==1,-0.3427436649799347,0.3427436649799347,0.020218267264526933,0.2871331175168355,0.12822222222222224,0.02047055051776157,1.0,1.0,0.5136054421768708,1361,,,-0.008190849442447566,-0.023033144910150537,-0.004717056829321204,0.00838834233181859,,0.3333333333333333,,,,0.01036087931924598,,0.16056636372242733,0.09218865976790092,0.1692922762448318,1.6080116853117946e-10,0.00031762454915123086,0.01,0.01,0.01,0.01,0.016080116853117943,0.003335078737132133,0.003335078737132133,9.000467222222222e-05,-0.3428336696521569,3,1,1,4,4,stage_a_context,,short,4-way,True,,production,production,,,9.337211666493594e-05,1.0,primary_target,0,ranking,research,"{""checks"": {""n_folds"": {""value"": 3, ""threshold"": 3, ""passed"": true}, ""healthy_fold_count"": {""value"": 3, ""threshold"": 2, ""passed"": true}, ""healthy_fold_ratio"": {""value"": 1.0, ""threshold"": 0.6666666666666666, ""passed"": true}, ""presence_freq"": {""value"": 1.0, ""threshold"": 0.75, ""passed"": true}, ""directional_mean_ret"": {""value"": 0.3427436649799347, ""threshold"": 0.0, ""passed"": true}, ""hurdle_excess"": {""value"": 0.3426536603077125, ""threshold"": 0.0, ""passed"": true}, ""min_support_actual"": {""value"": 1361, ""threshold"": 50, ""passed"": true}, ""is_structurally_sound"": {""value"": false, ""passed"": false}, ""trade_path_quality_score"": {""value"": 1.6080116853117946e-10, ""threshold"": 0.0, ""passed"": true}}, ""failures"": [""structural_soundness_fail: ""], ""warnings"": [], ""classification"": ""research""}",0.0,0.0,0.23241781790892999,production,production,False,False,0.1
(*)|(loc_dist_ema20_atr_ts_bot40==0&loc_dist_ema20_atr_ts_top60==1)|(reg_atr_change_rate_ts_band30_70==1&reg_atr_change_rate_ts_top20==1),*,loc_dist_ema20_atr_ts_bot40==0&loc_dist_ema20_atr_ts_top60==1,reg_atr_change_rate_ts_band30_70==1&reg_atr_change_rate_ts_top20==1,-0.3427436649799347,0.3427436649799347,0.020218267264526933,0.2871331175168355,0.12822222222222224,0.02047055051776157,1.0,1.0,0.5136054421768708,1361,,,-0.008190849442447566,-0.023033144910150537,-0.004717056829321204,0.00838834233181859,,0.3333333333333333,,,,0.01036087931924598,,0.16056636372242733,0.09218865976790092,0.1692922762448318,1.6080116853117946e-10,0.00031762454915123086,0.01,0.01,0.01,0.01,0.016080116853117943,0.003335078737132133,0.003335078737132133,9.000467222222222e-05,-0.3428336696521569,3,1,1,4,4,stage_a_context,,short,4-way,True,,production,production,,,9.337211666493594e-05,1.0,primary_target,0,ranking,research,"{""checks"": {""n_folds"": {""value"": 3, ""threshold"": 3, ""passed"": true}, ""healthy_fold_count"": {""value"": 3, ""threshold"": 2, ""passed"": true}, ""healthy_fold_ratio"": {""value"": 1.0, ""threshold"": 0.6666666666666666, ""passed"": true}, ""presence_freq"": {""value"": 1.0, ""threshold"": 0.75, ""passed"": true}, ""directional_mean_ret"": {""value"": 0.3427436649799347, ""threshold"": 0.0, ""passed"": true}, ""hurdle_excess"": {""value"": 0.3426536603077125, ""threshold"": 0.0, ""passed"": true}, ""min_support_actual"": {""value"": 1361, ""threshold"": 50, ""passed"": true}, ""is_structurally_sound"": {""value"": false, ""passed"": false}, ""trade_path_quality_score"": {""value"": 1.6080116853117946e-10, ""threshold"": 0.0, ""passed"": true}}, ""failures"": [""structural_soundness_fail: ""], ""warnings"": [], ""classification"": ""research""}",0.0,0.0,0.4235425503776114,production,production,False,False,0.1
(*)|(loc_dist_ema20_atr_ts_bot50==0&loc_dist_ema20_atr_ts_top60==1)|(reg_atr_change_rate_ts_top20==1&reg_atr_change_rate_ts_top70==0),*,loc_dist_ema20_atr_ts_bot50==0&loc_dist_ema20_atr_ts_top60==1,reg_atr_change_rate_ts_top20==1&reg_atr_change_rate_ts_top70==0,-0.3427436649799347,0.3427436649799347,0.020218267264526933,0.2871331175168355,0.12822222222222224,0.02047055051776157,1.0,1.0,0.5136054421768708,1361,,,-0.008190849442447566,-0.023033144910150537,-0.004717056829321204,0.00838834233181859,,0.3333333333333333,,,,0.01036087931924598,,0.16056636372242733,0.09218865976790092,0.1692922762448318,1.6080116853117946e-10,0.00031762454915123086,0.01,0.01,0.01,0.01,0.016080116853117943,0.003335078737132133,0.003335078737132133,9.000467222222222e-05,-0.3428336696521569,3,1,1,4,4,stage_a_context,,short,4-way,True,,production,production,,,9.337211666493594e-05,1.0,primary_target,0,ranking,research,"{""checks"": {""n_folds"": {""value"": 3, ""threshold"": 3, ""passed"": true}, ""healthy_fold_count"": {""value"": 3, ""threshold"": 2, ""passed"": true}, ""healthy_fold_ratio"": {""value"": 1.0, ""threshold"": 0.6666666666666666, ""passed"": true}, ""presence_freq"": {""value"": 1.0, ""threshold"": 0.75, ""passed"": true}, ""directional_mean_ret"": {""value"": 0.3427436649799347, ""threshold"": 0.0, ""passed"": true}, ""hurdle_excess"": {""value"": 0.3426536603077125, ""threshold"": 0.0, ""passed"": true}, ""min_support_actual"": {""value"": 1361, ""threshold"": 50, ""passed"": true}, ""is_structurally_sound"": {""value"": false, ""passed"": false}, ""trade_path_quality_score"": {""value"": 1.6080116853117946e-10, ""threshold"": 0.0, ""passed"": true}}, ""failures"": [""structural_soundness_fail: ""], ""warnings"": [], ""classification"": ""research""}",0.0,0.0,0.47594418301041574,production,production,False,False,0.1
(*)|(loc_dist_ema20_atr_ts_top20==1&loc_dist_ema20_atr_ts_top50==1&loc_dist_ema20_atr_ts_top70==0)|(reg_atr_change_rate_ts_band25_75==1&reg_atr_change_rate_ts_top60==1),*,loc_dist_ema20_atr_ts_top20==1&loc_dist_ema20_atr_ts_top50==1&loc_dist_ema20_atr_ts_top70==0,reg_atr_change_rate_ts_band25_75==1&reg_atr_change_rate_ts_top60==1,-0.3427436649799347,0.3427436649799347,0.020218267264526933,0.2871331175168355,0.12822222222222224,0.02047055051776157,1.0,1.0,0.5136054421768708,1361,,,-0.008190849442447566,-0.023033144910150537,-0.004717056829321204,0.00838834233181859,,0.3333333333333333,,,,0.01036087931924598,,0.16056636372242733,0.09218865976790092,0.1692922762448318,1.6080116853117946e-10,0.00031762454915123086,0.01,0.01,0.01,0.01,0.016080116853117943,0.003335078737132133,0.003335078737132133,9.000467222222222e-05,-0.3428336696521569,3,1,1,5,5,stage_a_context,,short,5-way,True,,production,production,,,9.337211666493594e-05,1.0,primary_target,0,ranking,research,"{""checks"": {""n_folds"": {""value"": 3, ""threshold"": 3, ""passed"": true}, ""healthy_fold_count"": {""value"": 3, ""threshold"": 2, ""passed"": true}, ""healthy_fold_ratio"": {""value"": 1.0, ""threshold"": 0.6666666666666666, ""passed"": true}, ""presence_freq"": {""value"": 1.0, ""threshold"": 0.75, ""passed"": true}, ""directional_mean_ret"": {""value"": 0.3427436649799347, ""threshold"": 0.0, ""passed"": true}, ""hurdle_excess"": {""value"": 0.3426536603077125, ""threshold"": 0.0, ""passed"": true}, ""min_support_actual"": {""value"": 1361, ""threshold"": 50, ""passed"": true}, ""is_structurally_sound"": {""value"": false, ""passed"": false}, ""trade_path_quality_score"": {""value"": 1.6080116853117946e-10, ""threshold"": 0.0, ""passed"": true}}, ""failures"": [""structural_soundness_fail: ""], ""warnings"": [], ""classification"": ""research""}",0.0,0.0,0.31593916153038515,production,production,False,False,0.1
(*)|(loc_dist_ema20_atr_ts_top20==1&loc_dist_ema20_atr_ts_top50==1&loc_dist_ema20_atr_ts_top70==0)|(reg_atr_change_rate_ts_top60==1),*,loc_dist_ema20_atr_ts_top20==1&loc_dist_ema20_atr_ts_top50==1&loc_dist_ema20_atr_ts_top70==0,reg_atr_change_rate_ts_top60==1,-0.3427436649799347,0.3427436649799347,0.020218267264526933,0.2871331175168355,0.12822222222222224,0.02047055051776157,1.0,1.0,0.5136054421768708,1361,,,-0.008190849442447566,-0.023033144910150537,-0.004717056829321204,0.00838834233181859,,0.3333333333333333,,,,0.01036087931924598,,0.16056636372242733,0.09218865976790092,0.1692922762448318,1.6080116853117946e-10,0.00031762454915123086,0.01,0.01,0.01,0.01,0.016080116853117943,0.003335078737132133,0.003335078737132133,9.000467222222222e-05,-0.3428336696521569,3,1,1,4,4,stage_a_context,,short,4-way,True,,production,production,,,9.337211666493594e-05,1.0,primary_target,0,ranking,research,"{""checks"": {""n_folds"": {""value"": 3, ""threshold"": 3, ""passed"": true}, ""healthy_fold_count"": {""value"": 3, ""threshold"": 2, ""passed"": true}, ""healthy_fold_ratio"": {""value"": 1.0, ""threshold"": 0.6666666666666666, ""passed"": true}, ""presence_freq"": {""value"": 1.0, ""threshold"": 0.75, ""passed"": true}, ""directional_mean_ret"": {""value"": 0.3427436649799347, ""threshold"": 0.0, ""passed"": true}, ""hurdle_excess"": {""value"": 0.3426536603077125, ""threshold"": 0.0, ""passed"": true}, ""min_support_actual"": {""value"": 1361, ""threshold"": 50, ""passed"": true}, ""is_structurally_sound"": {""value"": false, ""passed"": false}, ""trade_path_quality_score"": {""value"": 1.6080116853117946e-10, ""threshold"": 0.0, ""passed"": true}}, ""failures"": [""structural_soundness_fail: ""], ""warnings"": [], ""classification"": ""research""}",0.0,0.0,0.3347415797196383,production,production,False,False,0.1
(*)|(loc_dist_ema20_atr_ts_top50==1&loc_dist_ema20_atr_ts_top80==0)|(reg_atr_change_rate_ts_band25_75==1&reg_atr_change_rate_ts_top20==1&reg_atr_change_rate_ts_top40==1&reg_atr_change_rate_ts_top60==1),*,loc_dist_ema20_atr_ts_top50==1&loc_dist_ema20_atr_ts_top80==0,reg_atr_change_rate_ts_band25_75==1&reg_atr_change_rate_ts_top20==1&reg_atr_change_rate_ts_top40==1&reg_atr_change_rate_ts_top60==1,-0.3461710611979167,0.3461710611979167,0.017748757165653627,0.2864665687084198,0.19622222222222221,0.045109266316756165,1.0,1.0,0.5151515151515151,1793,,,-0.018768455821002027,-0.035593440040528695,-0.029754498912159654,-0.0074364931470541715,,0.3333333333333333,0.01914702810199305,0.9072073476686514,0.6666666666666666,-0.13862714474920784,0.025007555322666505,0.09531587816286087,0.08978992254420194,0.03365069159606434,1.6253188252449038e-10,0.0003224562746993618,0.01,0.01,0.01,0.01,0.016253188252449036,0.001496160731202535,0.001496160731202535,9.228267222222223e-05,-0.3462633438701389,3,1,1,6,6,stage_a_context,,short,6-way,True,,production,production,0.01914702810199305,0.025007555322666505,0.002488101567551008,0.4717460317460318,primary_target,0,ranking,research,"{""checks"": {""n_folds"": {""value"": 3, ""threshold"": 3, ""passed"": true}, ""healthy_fold_count"": {""value"": 3, ""threshold"": 2, ""passed"": true}, ""healthy_fold_ratio"": {""value"": 1.0, ""threshold"": 0.6666666666666666, ""passed"": true}, ""presence_freq"": {""value"": 1.0, ""threshold"": 0.75, ""passed"": true}, ""directional_mean_ret"": {""value"": 0.3461710611979167, ""threshold"": 0.0, ""passed"": true}, ""hurdle_excess"": {""value"": 0.34607877852569446, ""threshold"": 0.0, ""passed"": true}, ""min_support_actual"": {""value"": 1793, ""threshold"": 50, ""passed"": true}, ""is_structurally_sound"": {""value"": false, ""passed"": false}, ""trade_path_quality_score"": {""value"": 1.6253188252449038e-10, ""threshold"": 0.0, ""passed"": true}}, ""failures"": [""structural_soundness_fail: ""], ""warnings"": [], ""classification"": ""research""}",0.0,0.0,0.3585821635159448,production,production,False,False,0.1
(*)|(loc_dist_ema20_atr_ts_top20==1&loc_dist_ema20_atr_ts_top80==0)|(reg_atr_change_rate_ts_band25_75==1&reg_atr_change_rate_ts_band40_60==0&reg_atr_change_rate_ts_top30==1&reg_atr_change_rate_ts_top40==1),*,loc_dist_ema20_atr_ts_top20==1&loc_dist_ema20_atr_ts_top80==0,reg_atr_change_rate_ts_band25_75==1&reg_atr_change_rate_ts_band40_60==0&reg_atr_change_rate_ts_top30==1&reg_atr_change_rate_ts_top40==1,-0.3461710611979167,0.3461710611979167,0.017748757165653627,0.2864665687084198,0.19622222222222221,0.045109266316756165,1.0,1.0,0.5151515151515151,1793,,,-0.018768455821002027,-0.035593440040528695,-0.029754498912159654,-0.0074364931470541715,,0.3333333333333333,0.01914702810199305,0.9072073476686514,0.6666666666666666,-0.13862714474920784,0.025007555322666505,0.09531587816286087,0.08978992254420194,0.03365069159606434,1.6253188252449038e-10,0.0003224562746993618,0.01,0.01,0.01,0.01,0.016253188252449036,0.001496160731202535,0.001496160731202535,9.228267222222223e-05,-0.3462633438701389,3,1,1,6,6,stage_a_context,,short,6-way,True,,production,production,0.01914702810199305,0.025007555322666505,0.002488101567551008,0.4717460317460318,primary_target,0,ranking,research,"{""checks"": {""n_folds"": {""value"": 3, ""threshold"": 3, ""passed"": true}, ""healthy_fold_count"": {""value"": 3, ""threshold"": 2, ""passed"": true}, ""healthy_fold_ratio"": {""value"": 1.0, ""threshold"": 0.6666666666666666, ""passed"": true}, ""presence_freq"": {""value"": 1.0, ""threshold"": 0.75, ""passed"": true}, ""directional_mean_ret"": {""value"": 0.3461710611979167, ""threshold"": 0.0, ""passed"": true}, ""hurdle_excess"": {""value"": 0.34607877852569446, ""threshold"": 0.0, ""passed"": true}, ""min_support_actual"": {""value"": 1793, ""threshold"": 50, ""passed"": true}, ""is_structurally_sound"": {""value"": false, ""passed"": false}, ""trade_path_quality_score"": {""value"": 1.6253188252449038e-10, ""threshold"": 0.0, ""passed"": true}}, ""failures"": [""structural_soundness_fail: ""], ""warnings"": [], ""classification"": ""research""}",0.0,0.0,0.4584486600035238,production,production,False,False,0.1
(*)|(loc_dist_ema20_atr_ts_top20==1&loc_dist_ema20_atr_ts_top80==0)|(reg_atr_change_rate_ts_band40_60==0&reg_atr_change_rate_ts_top30==1&reg_atr_change_rate_ts_top40==1&reg_atr_change_rate_ts_top70==1),*,loc_dist_ema20_atr_ts_top20==1&loc_dist_ema20_atr_ts_top80==0,reg_atr_change_rate_ts_band40_60==0&reg_atr_change_rate_ts_top30==1&reg_atr_change_rate_ts_top40==1&reg_atr_change_rate_ts_top70==1,-0.35059645771980286,0.35059645771980286,0.022751809762794725,0.28944626450538635,0.136,0.05966821847764768,1.0,1.0,0.5407577497129736,720,,,-0.015780951390009425,-0.025050722673676924,-0.014260881539228321,-0.005751145180951371,,0.3333333333333333,-0.006744799041458339,-0.08632390953564838,0.6666666666666666,0.0711846202270651,-0.0008842718207848765,0.011230428039939344,0.10138952635045029,0.025788609521725774,1.7999623902142052e-10,0.0032339073697100094,0.01,0.01,0.01,0.01,0.017999623902142048,0.0014371459574355383,0.0014371459574355383,9.005445e-05,-0.35068651216980284,3,1,1,6,6,stage_a_context,,short,6-way,True,,production,production,-0.006744799041458339,-0.0008842718207848765,-0.007808251619908724,1.0,primary_target,0,ranking,research,"{""checks"": {""n_folds"": {""value"": 3, ""threshold"": 3, ""passed"": true}, ""healthy_fold_count"": {""value"": 3, ""threshold"": 2, ""passed"": true}, ""healthy_fold_ratio"": {""value"": 1.0, ""threshold"": 0.6666666666666666, ""passed"": true}, ""presence_freq"": {""value"": 1.0, ""threshold"": 0.75, ""passed"": true}, ""directional_mean_ret"": {""value"": 0.35059645771980286, ""threshold"": 0.0, ""passed"": true}, ""hurdle_excess"": {""value"": 0.35050640326980287, ""threshold"": 0.0, ""passed"": true}, ""min_support_actual"": {""value"": 720, ""threshold"": 50, ""passed"": true}, ""is_structurally_sound"": {""value"": false, ""passed"": false}, ""trade_path_quality_score"": {""value"": 1.7999623902142052e-10, ""threshold"": 0.0, ""passed"": true}}, ""failures"": [""structural_soundness_fail: ""], ""warnings"": [], ""classification"": ""research""}",0.0,0.0,0.31922150692340356,production,production,False,False,0.1
(*)|(loc_dist_ema20_atr_ts_top30==1&loc_dist_ema20_atr_ts_top40==1)|(reg_atr_change_rate_ts_band40_60==0&reg_atr_change_rate_ts_top20==1&reg_atr_change_rate_ts_top70==1&reg_atr_change_rate_ts_top80==0),*,loc_dist_ema20_atr_ts_top30==1&loc_dist_ema20_atr_ts_top40==1,reg_atr_change_rate_ts_band40_60==0&reg_atr_change_rate_ts_top20==1&reg_atr_change_rate_ts_top70==1&reg_atr_change_rate_ts_top80==0,-0.35059645771980286,0.35059645771980286,0.022751809762794725,0.28944626450538635,0.136,0.05966821847764768,1.0,1.0,0.5407577497129736,720,,,-0.015780951390009425,-0.025050722673676924,-0.014260881539228321,-0.005751145180951371,,0.3333333333333333,-0.006744799041458339,-0.08632390953564838,0.6666666666666666,0.0711846202270651,-0.0008842718207848765,0.011230428039939344,0.10138952635045029,0.025788609521725774,1.7999623902142052e-10,0.0032339073697100094,0.01,0.01,0.01,0.01,0.017999623902142048,0.0014371459574355383,0.0014371459574355383,9.005445e-05,-0.35068651216980284,3,1,1,6,6,stage_a_context,,short,6-way,True,,production,production,-0.006744799041458339,-0.0008842718207848765,-0.007808251619908724,1.0,primary_target,0,ranking,research,"{""checks"": {""n_folds"": {""value"": 3, ""threshold"": 3, ""passed"": true}, ""healthy_fold_count"": {""value"": 3, ""threshold"": 2, ""passed"": true}, ""healthy_fold_ratio"": {""value"": 1.0, ""threshold"": 0.6666666666666666, ""passed"": true}, ""presence_freq"": {""value"": 1.0, ""threshold"": 0.75, ""passed"": true}, ""directional_mean_ret"": {""value"": 0.35059645771980286, ""threshold"": 0.0, ""passed"": true}, ""hurdle_excess"": {""value"": 0.35050640326980287, ""threshold"": 0.0, ""passed"": true}, ""min_support_actual"": {""value"": 720, ""threshold"": 50, ""passed"": true}, ""is_structurally_sound"": {""value"": false, ""passed"": false}, ""trade_path_quality_score"": {""value"": 1.7999623902142052e-10, ""threshold"": 0.0, ""passed"": true}}, ""failures"": [""structural_soundness_fail: ""], ""warnings"": [], ""classification"": ""research""}",0.0,0.0,0.30587367840872093,production,production,False,False,0.1
(*)|(*)|(reg_atr_change_rate_ts_band40_60==1&reg_atr_change_rate_ts_bot50==1&reg_atr_change_rate_ts_top20==1),*,*,reg_atr_change_rate_ts_band40_60==1&reg_atr_change_rate_ts_bot50==1&reg_atr_change_rate_ts_top20==1,-0.3523834745089213,0.3523834745089213,0.03194279812826906,0.295670747756958,0.09599999999999999,0.030174799394834736,1.0,1.0,0.5193889541715628,765,,,-0.016592327309194188,-0.046500050897017545,-0.020678623068153053,0.01127224839914974,,0.3333333333333333,,,,0.11043558754619744,,-0.1551383399209486,0.03686859195491667,0.24789947891254047,1.972925466027123e-10,0.0001569639214888631,0.01,0.017172845425311053,0.01,0.01,0.011488634627312422,0.003933382912244223,0.003933382912244223,7.058869999999999e-05,-0.3524540632089213,3,1,1,3,3,stage_a_context,,short,3-way,True,,production,production,,,-0.02805176752183125,0.9359999999999997,primary_target,0,ranking,research,"{""checks"": {""n_folds"": {""value"": 3, ""threshold"": 3, ""passed"": true}, ""healthy_fold_count"": {""value"": 3, ""threshold"": 2, ""passed"": true}, ""healthy_fold_ratio"": {""value"": 1.0, ""threshold"": 0.6666666666666666, ""passed"": true}, ""presence_freq"": {""value"": 1.0, ""threshold"": 0.75, ""passed"": true}, ""directional_mean_ret"": {""value"": 0.3523834745089213, ""threshold"": 0.0, ""passed"": true}, ""hurdle_excess"": {""value"": 0.35231288580892134, ""threshold"": 0.0, ""passed"": true}, ""min_support_actual"": {""value"": 765, ""threshold"": 50, ""passed"": true}, ""is_structurally_sound"": {""value"": false, ""passed"": false}, ""trade_path_quality_score"": {""value"": 1.972925466027123e-10, ""threshold"": 0.0, ""passed"": true}}, ""failures"": [""structural_soundness_fail: ""], ""warnings"": [], ""classification"": ""research""}",0.0,0.0,0.36926524911928654,production,production,False,False,0.3
(*)|(*)|(reg_atr_change_rate_ts_band40_60==1&reg_atr_change_rate_ts_top20==1&reg_atr_change_rate_ts_top50==0),*,*,reg_atr_change_rate_ts_band40_60==1&reg_atr_change_rate_ts_top20==1&reg_atr_change_rate_ts_top50==0,-0.3523834745089213,0.3523834745089213,0.03194279812826906,0.295670747756958,0.09599999999999999,0.030174799394834736,1.0,1.0,0.5193889541715628,765,,,-0.016592327309194188,-0.046500050897017545,-0.020678623068153053,0.01127224839914974,,0.3333333333333333,,,,0.11043558754619744,,-0.1551383399209486,0.03686859195491667,0.24789947891254047,1.972925466027123e-10,0.0001569639214888631,0.01,0.017172845425311053,0.01,0.01,0.011488634627312422,0.003933382912244223,0.003933382912244223,7.058869999999999e-05,-0.3524540632089213,3,1,1,3,3,stage_a_context,,short,3-way,True,,production,production,,,-0.02805176752183125,0.9359999999999997,primary_target,0,ranking,research,"{""checks"": {""n_folds"": {""value"": 3, ""threshold"": 3, ""passed"": true}, ""healthy_fold_count"": {""value"": 3, ""threshold"": 2, ""passed"": true}, ""healthy_fold_ratio"": {""value"": 1.0, ""threshold"": 0.6666666666666666, ""passed"": true}, ""presence_freq"": {""value"": 1.0, ""threshold"": 0.75, ""passed"": true}, ""directional_mean_ret"": {""value"": 0.3523834745089213, ""threshold"": 0.0, ""passed"": true}, ""hurdle_excess"": {""value"": 0.35231288580892134, ""threshold"": 0.0, ""passed"": true}, ""min_support_actual"": {""value"": 765, ""threshold"": 50, ""passed"": true}, ""is_structurally_sound"": {""value"": false, ""passed"": false}, ""trade_path_quality_score"": {""value"": 1.972925466027123e-10, ""threshold"": 0.0, ""passed"": true}}, ""failures"": [""structural_soundness_fail: ""], ""warnings"": [], ""classification"": ""research""}",0.0,0.0,0.46620887305881475,production,production,False,False,0.3
(*)|(loc_dist_ema20_atr_ts_top20==1&loc_dist_ema20_atr_ts_top50==0)|(reg_atr_change_rate_ts_band40_60==1),*,loc_dist_ema20_atr_ts_top20==1&loc_dist_ema20_atr_ts_top50==0,reg_atr_change_rate_ts_band40_60==1,-0.3523834745089213,0.3523834745089213,0.03194279812826906,0.295670747756958,0.09599999999999999,0.030174799394834736,1.0,1.0,0.5193889541715628,765,,,-0.016592327309194188,-0.046500050897017545,-0.020678623068153053,0.01127224839914974,,0.3333333333333333,,,,0.11043558754619744,,-0.1551383399209486,0.03686859195491667,0.24789947891254047,1.972925466027123e-10,0.0001569639214888631,0.01,0.017172845425311053,0.01,0.01,0.011488634627312422,0.003933382912244223,0.003933382912244223,7.058869999999999e-05,-0.3524540632089213,3,1,1,3,3,stage_a_context,,short,3-way,True,,production,production,,,-0.02805176752183125,0.9359999999999997,primary_target,0,ranking,research,"{""checks"": {""n_folds"": {""value"": 3, ""threshold"": 3, ""passed"": true}, ""healthy_fold_count"": {""value"": 3, ""threshold"": 2, ""passed"": true}, ""healthy_fold_ratio"": {""value"": 1.0, ""threshold"": 0.6666666666666666, ""passed"": true}, ""presence_freq"": {""value"": 1.0, ""threshold"": 0.75, ""passed"": true}, ""directional_mean_ret"": {""value"": 0.3523834745089213, ""threshold"": 0.0, ""passed"": true}, ""hurdle_excess"": {""value"": 0.35231288580892134, ""threshold"": 0.0, ""passed"": true}, ""min_support_actual"": {""value"": 765, ""threshold"": 50, ""passed"": true}, ""is_structurally_sound"": {""value"": false, ""passed"": false}, ""trade_path_quality_score"": {""value"": 1.972925466027123e-10, ""threshold"": 0.0, ""passed"": true}}, ""failures"": [""structural_soundness_fail: ""], ""warnings"": [], ""classification"": ""research""}",0.0,0.0,0.4565867693671967,production,production,False,False,0.3
(*)|(loc_dist_ema20_atr_ts_top50==0)|(reg_atr_change_rate_ts_top20==1&reg_atr_change_rate_ts_top40==1),*,loc_dist_ema20_atr_ts_top50==0,reg_atr_change_rate_ts_top20==1&reg_atr_change_rate_ts_top40==1,-0.3523834745089213,0.3523834745089213,0.03194279812826906,0.295670747756958,0.09599999999999999,0.030174799394834736,1.0,1.0,0.5193889541715628,765,,,-0.016592327309194188,-0.046500050897017545,-0.020678623068153053,0.01127224839914974,,0.3333333333333333,,,,0.11043558754619744,,-0.1551383399209486,0.03686859195491667,0.24789947891254047,1.972925466027123e-10,0.0001569639214888631,0.01,0.017172845425311053,0.01,0.01,0.011488634627312422,0.003933382912244223,0.003933382912244223,7.058869999999999e-05,-0.3524540632089213,3,1,1,3,3,stage_a_context,,short,3-way,True,,production,production,,,-0.02805176752183125,0.9359999999999997,primary_target,0,ranking,research,"{""checks"": {""n_folds"": {""value"": 3, ""threshold"": 3, ""passed"": true}, ""healthy_fold_count"": {""value"": 3, ""threshold"": 2, ""passed"": true}, ""healthy_fold_ratio"": {""value"": 1.0, ""threshold"": 0.6666666666666666, ""passed"": true}, ""presence_freq"": {""value"": 1.0, ""threshold"": 0.75, ""passed"": true}, ""directional_mean_ret"": {""value"": 0.3523834745089213, ""threshold"": 0.0, ""passed"": true}, ""hurdle_excess"": {""value"": 0.35231288580892134, ""threshold"": 0.0, ""passed"": true}, ""min_support_actual"": {""value"": 765, ""threshold"": 50, ""passed"": true}, ""is_structurally_sound"": {""value"": false, ""passed"": false}, ""trade_path_quality_score"": {""value"": 1.972925466027123e-10, ""threshold"": 0.0, ""passed"": true}}, ""failures"": [""structural_soundness_fail: ""], ""warnings"": [], ""classification"": ""research""}",0.0,0.0,0.35632982095408616,production,production,False,False,0.3
(*)|(loc_dist_ema20_atr_ts_band40_60==1)|(reg_atr_change_rate_ts_top20==1&reg_atr_change_rate_ts_top50==0),*,loc_dist_ema20_atr_ts_band40_60==1,reg_atr_change_rate_ts_top20==1&reg_atr_change_rate_ts_top50==0,-0.3523834745089213,0.3523834745089213,0.03194279812826906,0.295670747756958,0.09599999999999999,0.030174799394834736,1.0,1.0,0.5193889541715628,765,,,-0.016592327309194188,-0.046500050897017545,-0.020678623068153053,0.01127224839914974,,0.3333333333333333,,,,0.11043558754619744,,-0.1551383399209486,0.03686859195491667,0.24789947891254047,1.972925466027123e-10,0.0001569639214888631,0.01,0.017172845425311053,0.01,0.01,0.011488634627312422,0.003933382912244223,0.003933382912244223,7.058869999999999e-05,-0.3524540632089213,3,1,1,3,3,stage_a_context,,short,3-way,True,,production,production,,,-0.02805176752183125,0.9359999999999997,primary_target,0,ranking,research,"{""checks"": {""n_folds"": {""value"": 3, ""threshold"": 3, ""passed"": true}, ""healthy_fold_count"": {""value"": 3, ""threshold"": 2, ""passed"": true}, ""healthy_fold_ratio"": {""value"": 1.0, ""threshold"": 0.6666666666666666, ""passed"": true}, ""presence_freq"": {""value"": 1.0, ""threshold"": 0.75, ""passed"": true}, ""directional_mean_ret"": {""value"": 0.3523834745089213, ""threshold"": 0.0, ""passed"": true}, ""hurdle_excess"": {""value"": 0.35231288580892134, ""threshold"": 0.0, ""passed"": true}, ""min_support_actual"": {""value"": 765, ""threshold"": 50, ""passed"": true}, ""is_structurally_sound"": {""value"": false, ""passed"": false}, ""trade_path_quality_score"": {""value"": 1.972925466027123e-10, ""threshold"": 0.0, ""passed"": true}}, ""failures"": [""structural_soundness_fail: ""], ""warnings"": [], ""classification"": ""research""}",0.0,0.0,0.5958073494196092,production,production,False,False,0.3
(*)|(*)|(reg_atr_change_rate_ts_top20==1&reg_atr_change_rate_ts_top40==1&reg_atr_change_rate_ts_top50==0),*,*,reg_atr_change_rate_ts_top20==1&reg_atr_change_rate_ts_top40==1&reg_atr_change_rate_ts_top50==0,-0.3523834745089213,0.3523834745089213,0.03194279812826906,0.295670747756958,0.09599999999999999,0.030174799394834736,1.0,1.0,0.5193889541715628,765,,,-0.016592327309194188,-0.046500050897017545,-0.020678623068153053,0.01127224839914974,,0.3333333333333333,,,,0.11043558754619744,,-0.1551383399209486,0.03686859195491667,0.24789947891254047,1.972925466027123e-10,0.0001569639214888631,0.01,0.017172845425311053,0.01,0.01,0.011488634627312422,0.003933382912244223,0.003933382912244223,7.058869999999999e-05,-0.3524540632089213,3,1,1,3,3,stage_a_context,,short,3-way,True,,production,production,,,-0.02805176752183125,0.9359999999999997,primary_target,0,ranking,research,"{""checks"": {""n_folds"": {""value"": 3, ""threshold"": 3, ""passed"": true}, ""healthy_fold_count"": {""value"": 3, ""threshold"": 2, ""passed"": true}, ""healthy_fold_ratio"": {""value"": 1.0, ""threshold"": 0.6666666666666666, ""passed"": true}, ""presence_freq"": {""value"": 1.0, ""threshold"": 0.75, ""passed"": true}, ""directional_mean_ret"": {""value"": 0.3523834745089213, ""threshold"": 0.0, ""passed"": true}, ""hurdle_excess"": {""value"": 0.35231288580892134, ""threshold"": 0.0, ""passed"": true}, ""min_support_actual"": {""value"": 765, ""threshold"": 50, ""passed"": true}, ""is_structurally_sound"": {""value"": false, ""passed"": false}, ""trade_path_quality_score"": {""value"": 1.972925466027123e-10, ""threshold"": 0.0, ""passed"": true}}, ""failures"": [""structural_soundness_fail: ""], ""warnings"": [], ""classification"": ""research""}",0.0,0.0,0.35606852765009134,production,production,False,False,0.3
(*)|(loc_dist_ema20_atr_ts_top20==1)|(reg_atr_change_rate_ts_band40_60==1&reg_atr_change_rate_ts_top50==0),*,loc_dist_ema20_atr_ts_top20==1,reg_atr_change_rate_ts_band40_60==1&reg_atr_change_rate_ts_top50==0,-0.3523834745089213,0.3523834745089213,0.03194279812826906,0.295670747756958,0.09599999999999999,0.030174799394834736,1.0,1.0,0.5193889541715628,765,,,-0.016592327309194188,-0.046500050897017545,-0.020678623068153053,0.01127224839914974,,0.3333333333333333,,,,0.11043558754619744,,-0.1551383399209486,0.03686859195491667,0.24789947891254047,1.972925466027123e-10,0.0001569639214888631,0.01,0.017172845425311053,0.01,0.01,0.011488634627312422,0.003933382912244223,0.003933382912244223,7.058869999999999e-05,-0.3524540632089213,3,1,1,3,3,stage_a_context,,short,3-way,True,,production,production,,,-0.02805176752183125,0.9359999999999997,primary_target,0,ranking,research,"{""checks"": {""n_folds"": {""value"": 3, ""threshold"": 3, ""passed"": true}, ""healthy_fold_count"": {""value"": 3, ""threshold"": 2, ""passed"": true}, ""healthy_fold_ratio"": {""value"": 1.0, ""threshold"": 0.6666666666666666, ""passed"": true}, ""presence_freq"": {""value"": 1.0, ""threshold"": 0.75, ""passed"": true}, ""directional_mean_ret"": {""value"": 0.3523834745089213, ""threshold"": 0.0, ""passed"": true}, ""hurdle_excess"": {""value"": 0.35231288580892134, ""threshold"": 0.0, ""passed"": true}, ""min_support_actual"": {""value"": 765, ""threshold"": 50, ""passed"": true}, ""is_structurally_sound"": {""value"": false, ""passed"": false}, ""trade_path_quality_score"": {""value"": 1.972925466027123e-10, ""threshold"": 0.0, ""passed"": true}}, ""failures"": [""structural_soundness_fail: ""], ""warnings"": [], ""classification"": ""research""}",0.0,0.0,0.48929285223254315,production,production,False,False,0.3
(*)|(*)|(reg_atr_change_rate_ts_band30_70==1&reg_atr_change_rate_ts_top20==1&reg_atr_change_rate_ts_top40==1&reg_atr_change_rate_ts_top50==0),*,*,reg_atr_change_rate_ts_band30_70==1&reg_atr_change_rate_ts_top20==1&reg_atr_change_rate_ts_top40==1&reg_atr_change_rate_ts_top50==0,-0.3523834745089213,0.3523834745089213,0.03194279812826906,0.295670747756958,0.09599999999999999,0.030174799394834736,1.0,1.0,0.5193889541715628,765,,,-0.016592327309194188,-0.046500050897017545,-0.020678623068153053,0.01127224839914974,,0.3333333333333333,,,,0.11043558754619744,,-0.1551383399209486,0.03686859195491667,0.24789947891254047,1.972925466027123e-10,0.0001569639214888631,0.01,0.017172845425311053,0.01,0.01,0.011488634627312422,0.003933382912244223,0.003933382912244223,9.07569e-05,-0.3524742314089213,3,3,3,4,4,stage_a_context,,short,4-way,True,,production,production,,,-0.02805176752183125,0.9359999999999997,primary_target,0,ranking,research,"{""checks"": {""n_folds"": {""value"": 3, ""threshold"": 3, ""passed"": true}, ""healthy_fold_count"": {""value"": 3, ""threshold"": 2, ""passed"": true}, ""healthy_fold_ratio"": {""value"": 1.0, ""threshold"": 0.6666666666666666, ""passed"": true}, ""presence_freq"": {""value"": 1.0, ""threshold"": 0.75, ""passed"": true}, ""directional_mean_ret"": {""value"": 0.3523834745089213, ""threshold"": 0.0, ""passed"": true}, ""hurdle_excess"": {""value"": 0.35229271760892134, ""threshold"": 0.0, ""passed"": true}, ""min_support_actual"": {""value"": 765, ""threshold"": 50, ""passed"": true}, ""is_structurally_sound"": {""value"": false, ""passed"": false}, ""trade_path_quality_score"": {""value"": 1.972925466027123e-10, ""threshold"": 0.0, ""passed"": true}}, ""failures"": [""structural_soundness_fail: ""], ""warnings"": [], ""classification"": ""research""}",0.0,0.0,0.28341024931008035,production,production,False,False,0.1
(*)|(loc_dist_ema20_atr_ts_bot20==0&loc_dist_ema20_atr_ts_bot30==0)|(reg_atr_change_rate_ts_bot40==0&reg_atr_change_rate_ts_bot80==1&reg_atr_change_rate_ts_top50==0&reg_atr_change_rate_ts_top60==0),*,loc_dist_ema20_atr_ts_bot20==0&loc_dist_ema20_atr_ts_bot30==0,reg_atr_change_rate_ts_bot40==0&reg_atr_change_rate_ts_bot80==1&reg_atr_change_rate_ts_top50==0&reg_atr_change_rate_ts_top60==0,-0.3523834745089213,0.3523834745089213,0.03194279812826906,0.295670747756958,0.09599999999999999,0.030174799394834736,1.0,1.0,0.5193889541715628,765,,,-0.016592327309194188,-0.046500050897017545,-0.020678623068153053,0.01127224839914974,,0.3333333333333333,,,,0.11043558754619744,,-0.1551383399209486,0.03686859195491667,0.24789947891254047,1.972925466027123e-10,0.0001569639214888631,0.01,0.017172845425311053,0.01,0.01,0.011488634627312422,0.003933382912244223,0.003933382912244223,9.07569e-05,-0.3524742314089213,3,1,1,6,6,stage_a_context,,short,6-way,True,,production,production,,,-0.02805176752183125,0.9359999999999997,primary_target,0,ranking,research,"{""checks"": {""n_folds"": {""value"": 3, ""threshold"": 3, ""passed"": true}, ""healthy_fold_count"": {""value"": 3, ""threshold"": 2, ""passed"": true}, ""healthy_fold_ratio"": {""value"": 1.0, ""threshold"": 0.6666666666666666, ""passed"": true}, ""presence_freq"": {""value"": 1.0, ""threshold"": 0.75, ""passed"": true}, ""directional_mean_ret"": {""value"": 0.3523834745089213, ""threshold"": 0.0, ""passed"": true}, ""hurdle_excess"": {""value"": 0.35229271760892134, ""threshold"": 0.0, ""passed"": true}, ""min_support_actual"": {""value"": 765, ""threshold"": 50, ""passed"": true}, ""is_structurally_sound"": {""value"": false, ""passed"": false}, ""trade_path_quality_score"": {""value"": 1.972925466027123e-10, ""threshold"": 0.0, ""passed"": true}}, ""failures"": [""structural_soundness_fail: ""], ""warnings"": [], ""classification"": ""research""}",0.0,0.0,0.4693152616597605,production,production,False,False,0.1
(*)|(loc_dist_ema20_atr_ts_band30_70==1)|(reg_atr_change_rate_ts_top20==1&reg_atr_change_rate_ts_top40==1&reg_atr_change_rate_ts_top50==0),*,loc_dist_ema20_atr_ts_band30_70==1,reg_atr_change_rate_ts_top20==1&reg_atr_change_rate_ts_top40==1&reg_atr_change_rate_ts_top50==0,-0.3523834745089213,0.3523834745089213,0.03194279812826906,0.295670747756958,0.09599999999999999,0.030174799394834736,1.0,1.0,0.5193889541715628,765,,,-0.016592327309194188,-0.046500050897017545,-0.020678623068153053,0.01127224839914974,,0.3333333333333333,,,,0.11043558754619744,,-0.1551383399209486,0.03686859195491667,0.24789947891254047,1.972925466027123e-10,0.0001569639214888631,0.01,0.017172845425311053,0.01,0.01,0.011488634627312422,0.003933382912244223,0.003933382912244223,9.07569e-05,-0.3524742314089213,3,1,1,4,4,stage_a_context,,short,4-way,True,,production,production,,,-0.02805176752183125,0.9359999999999997,primary_target,0,ranking,research,"{""checks"": {""n_folds"": {""value"": 3, ""threshold"": 3, ""passed"": true}, ""healthy_fold_count"": {""value"": 3, ""threshold"": 2, ""passed"": true}, ""healthy_fold_ratio"": {""value"": 1.0, ""threshold"": 0.6666666666666666, ""passed"": true}, ""presence_freq"": {""value"": 1.0, ""threshold"": 0.75, ""passed"": true}, ""directional_mean_ret"": {""value"": 0.3523834745089213, ""threshold"": 0.0, ""passed"": true}, ""hurdle_excess"": {""value"": 0.35229271760892134, ""threshold"": 0.0, ""passed"": true}, ""min_support_actual"": {""value"": 765, ""threshold"": 50, ""passed"": true}, ""is_structurally_sound"": {""value"": false, ""passed"": false}, ""trade_path_quality_score"": {""value"": 1.972925466027123e-10, ""threshold"": 0.0, ""passed"": true}}, ""failures"": [""structural_soundness_fail: ""], ""warnings"": [], ""classification"": ""research""}",0.0,0.0,0.7356185706501314,production,production,False,False,0.1
(*)|(loc_dist_ema20_atr_ts_band40_60==1)|(reg_atr_change_rate_ts_band25_75==1&reg_atr_change_rate_ts_top20==1&reg_atr_change_rate_ts_top50==0),*,loc_dist_ema20_atr_ts_band40_60==1,reg_atr_change_rate_ts_band25_75==1&reg_atr_change_rate_ts_top20==1&reg_atr_change_rate_ts_top50==0,-0.3523834745089213,0.3523834745089213,0.03194279812826906,0.295670747756958,0.09599999999999999,0.030174799394834736,1.0,1.0,0.5193889541715628,765,,,-0.016592327309194188,-0.046500050897017545,-0.020678623068153053,0.01127224839914974,,0.3333333333333333,,,,0.11043558754619744,,-0.1551383399209486,0.03686859195491667,0.24789947891254047,1.972925466027123e-10,0.0001569639214888631,0.01,0.017172845425311053,0.01,0.01,0.011488634627312422,0.003933382912244223,0.003933382912244223,9.07569e-05,-0.3524742314089213,3,1,1,4,4,stage_a_context,,short,4-way,True,,production,production,,,-0.02805176752183125,0.9359999999999997,primary_target,0,ranking,research,"{""checks"": {""n_folds"": {""value"": 3, ""threshold"": 3, ""passed"": true}, ""healthy_fold_count"": {""value"": 3, ""threshold"": 2, ""passed"": true}, ""healthy_fold_ratio"": {""value"": 1.0, ""threshold"": 0.6666666666666666, ""passed"": true}, ""presence_freq"": {""value"": 1.0, ""threshold"": 0.75, ""passed"": true}, ""directional_mean_ret"": {""value"": 0.3523834745089213, ""threshold"": 0.0, ""passed"": true}, ""hurdle_excess"": {""value"": 0.35229271760892134, ""threshold"": 0.0, ""passed"": true}, ""min_support_actual"": {""value"": 765, ""threshold"": 50, ""passed"": true}, ""is_structurally_sound"": {""value"": false, ""passed"": false}, ""trade_path_quality_score"": {""value"": 1.972925466027123e-10, ""threshold"": 0.0, ""passed"": true}}, ""failures"": [""structural_soundness_fail: ""], ""warnings"": [], ""classification"": ""research""}",0.0,0.0,0.4548009546635979,production,production,False,False,0.1
(*)|(loc_dist_ema20_atr_ts_bot20==0&loc_dist_ema20_atr_ts_bot30==0)|(reg_atr_change_rate_ts_bot40==0&reg_atr_change_rate_ts_bot70==1&reg_atr_change_rate_ts_top50==0),*,loc_dist_ema20_atr_ts_bot20==0&loc_dist_ema20_atr_ts_bot30==0,reg_atr_change_rate_ts_bot40==0&reg_atr_change_rate_ts_bot70==1&reg_atr_change_rate_ts_top50==0,-0.3523834745089213,0.3523834745089213,0.03194279812826906,0.295670747756958,0.09599999999999999,0.030174799394834736,1.0,1.0,0.5193889541715628,765,,,-0.016592327309194188,-0.046500050897017545,-0.020678623068153053,0.01127224839914974,,0.3333333333333333,,,,0.11043558754619744,,-0.1551383399209486,0.03686859195491667,0.24789947891254047,1.972925466027123e-10,0.0001569639214888631,0.01,0.017172845425311053,0.01,0.01,0.011488634627312422,0.003933382912244223,0.003933382912244223,9.07569e-05,-0.3524742314089213,3,1,1,5,5,stage_a_context,,short,5-way,True,,production,production,,,-0.02805176752183125,0.9359999999999997,primary_target,0,ranking,research,"{""checks"": {""n_folds"": {""value"": 3, ""threshold"": 3, ""passed"": true}, ""healthy_fold_count"": {""value"": 3, ""threshold"": 2, ""passed"": true}, ""healthy_fold_ratio"": {""value"": 1.0, ""threshold"": 0.6666666666666666, ""passed"": true}, ""presence_freq"": {""value"": 1.0, ""threshold"": 0.75, ""passed"": true}, ""directional_mean_ret"": {""value"": 0.3523834745089213, ""threshold"": 0.0, ""passed"": true}, ""hurdle_excess"": {""value"": 0.35229271760892134, ""threshold"": 0.0, ""passed"": true}, ""min_support_actual"": {""value"": 765, ""threshold"": 50, ""passed"": true}, ""is_structurally_sound"": {""value"": false, ""passed"": false}, ""trade_path_quality_score"": {""value"": 1.972925466027123e-10, ""threshold"": 0.0, ""passed"": true}}, ""failures"": [""structural_soundness_fail: ""], ""warnings"": [], ""classification"": ""research""}",0.0,0.0,0.5186113226872597,production,production,False,False,0.1
(*)|(loc_dist_ema20_atr_ts_bot20==0)|(reg_atr_change_rate_ts_bot40==0&reg_atr_change_rate_ts_top50==0&reg_atr_compression_ratio_ts_band30_70==1),*,loc_dist_ema20_atr_ts_bot20==0,reg_atr_change_rate_ts_bot40==0&reg_atr_change_rate_ts_top50==0&reg_atr_compression_ratio_ts_band30_70==1,-0.3523834745089213,0.3523834745089213,0.03194279812826906,0.295670747756958,0.09599999999999999,0.030174799394834736,1.0,1.0,0.5193889541715628,765,,,-0.016592327309194188,-0.046500050897017545,-0.020678623068153053,0.01127224839914974,,0.3333333333333333,,,,0.11043558754619744,,-0.1551383399209486,0.03686859195491667,0.24789947891254047,1.972925466027123e-10,0.0001569639214888631,0.01,0.017172845425311053,0.01,0.01,0.011488634627312422,0.003933382912244223,0.003933382912244223,9.07569e-05,-0.3524742314089213,3,1,1,4,4,stage_a_context,,short,4-way,True,,production,production,,,-0.02805176752183125,0.9359999999999997,primary_target,0,ranking,research,"{""checks"": {""n_folds"": {""value"": 3, ""threshold"": 3, ""passed"": true}, ""healthy_fold_count"": {""value"": 3, ""threshold"": 2, ""passed"": true}, ""healthy_fold_ratio"": {""value"": 1.0, ""threshold"": 0.6666666666666666, ""passed"": true}, ""presence_freq"": {""value"": 1.0, ""threshold"": 0.75, ""passed"": true}, ""directional_mean_ret"": {""value"": 0.3523834745089213, ""threshold"": 0.0, ""passed"": true}, ""hurdle_excess"": {""value"": 0.35229271760892134, ""threshold"": 0.0, ""passed"": true}, ""min_support_actual"": {""value"": 765, ""threshold"": 50, ""passed"": true}, ""is_structurally_sound"": {""value"": false, ""passed"": false}, ""trade_path_quality_score"": {""value"": 1.972925466027123e-10, ""threshold"": 0.0, ""passed"": true}}, ""failures"": [""structural_soundness_fail: ""], ""warnings"": [], ""classification"": ""research""}",0.0,0.0,0.31677549390990295,production,production,False,False,0.1
(*)|(loc_dist_ema20_atr_ts_bot20==0&loc_dist_ema20_atr_ts_top30==1&loc_dist_ema20_atr_ts_top50==0)|(reg_atr_change_rate_ts_top40==1&reg_atr_change_rate_ts_top60==0),*,loc_dist_ema20_atr_ts_bot20==0&loc_dist_ema20_atr_ts_top30==1&loc_dist_ema20_atr_ts_top50==0,reg_atr_change_rate_ts_top40==1&reg_atr_change_rate_ts_top60==0,-0.3523834745089213,0.3523834745089213,0.03194279812826906,0.295670747756958,0.09599999999999999,0.030174799394834736,1.0,1.0,0.5193889541715628,765,,,-0.016592327309194188,-0.046500050897017545,-0.020678623068153053,0.01127224839914974,,0.3333333333333333,,,,0.11043558754619744,,-0.1551383399209486,0.03686859195491667,0.24789947891254047,1.972925466027123e-10,0.0001569639214888631,0.01,0.017172845425311053,0.01,0.01,0.011488634627312422,0.003933382912244223,0.003933382912244223,9.07569e-05,-0.3524742314089213,3,1,1,5,5,stage_a_context,,short,5-way,True,,production,production,,,-0.02805176752183125,0.9359999999999997,primary_target,0,ranking,research,"{""checks"": {""n_folds"": {""value"": 3, ""threshold"": 3, ""passed"": true}, ""healthy_fold_count"": {""value"": 3, ""threshold"": 2, ""passed"": true}, ""healthy_fold_ratio"": {""value"": 1.0, ""threshold"": 0.6666666666666666, ""passed"": true}, ""presence_freq"": {""value"": 1.0, ""threshold"": 0.75, ""passed"": true}, ""directional_mean_ret"": {""value"": 0.3523834745089213, ""threshold"": 0.0, ""passed"": true}, ""hurdle_excess"": {""value"": 0.35229271760892134, ""threshold"": 0.0, ""passed"": true}, ""min_support_actual"": {""value"": 765, ""threshold"": 50, ""passed"": true}, ""is_structurally_sound"": {""value"": false, ""passed"": false}, ""trade_path_quality_score"": {""value"": 1.972925466027123e-10, ""threshold"": 0.0, ""passed"": true}}, ""failures"": [""structural_soundness_fail: ""], ""warnings"": [], ""classification"": ""research""}",0.0,0.0,0.39020940562320733,production,production,False,False,0.1
(*)|(loc_dist_ema20_atr_ts_bot20==0&loc_dist_ema20_atr_ts_top50==0)|(reg_atr_change_rate_ts_band30_70==1&reg_atr_change_rate_ts_top40==1&reg_atr_change_rate_ts_top60==0),*,loc_dist_ema20_atr_ts_bot20==0&loc_dist_ema20_atr_ts_top50==0,reg_atr_change_rate_ts_band30_70==1&reg_atr_change_rate_ts_top40==1&reg_atr_change_rate_ts_top60==0,-0.3523834745089213,0.3523834745089213,0.03194279812826906,0.295670747756958,0.09599999999999999,0.030174799394834736,1.0,1.0,0.5193889541715628,765,,,-0.016592327309194188,-0.046500050897017545,-0.020678623068153053,0.01127224839914974,,0.3333333333333333,,,,0.11043558754619744,,-0.1551383399209486,0.03686859195491667,0.24789947891254047,1.972925466027123e-10,0.0001569639214888631,0.01,0.017172845425311053,0.01,0.01,0.011488634627312422,0.003933382912244223,0.003933382912244223,9.07569e-05,-0.3524742314089213,3,2,2,5,5,stage_a_context,,short,5-way,True,,production,production,,,-0.02805176752183125,0.9359999999999997,primary_target,0,ranking,research,"{""checks"": {""n_folds"": {""value"": 3, ""threshold"": 3, ""passed"": true}, ""healthy_fold_count"": {""value"": 3, ""threshold"": 2, ""passed"": true}, ""healthy_fold_ratio"": {""value"": 1.0, ""threshold"": 0.6666666666666666, ""passed"": true}, ""presence_freq"": {""value"": 1.0, ""threshold"": 0.75, ""passed"": true}, ""directional_mean_ret"": {""value"": 0.3523834745089213, ""threshold"": 0.0, ""passed"": true}, ""hurdle_excess"": {""value"": 0.35229271760892134, ""threshold"": 0.0, ""passed"": true}, ""min_support_actual"": {""value"": 765, ""threshold"": 50, ""passed"": true}, ""is_structurally_sound"": {""value"": false, ""passed"": false}, ""trade_path_quality_score"": {""value"": 1.972925466027123e-10, ""threshold"": 0.0, ""passed"": true}}, ""failures"": [""structural_soundness_fail: ""], ""warnings"": [], ""classification"": ""research""}",0.0,0.0,0.45564617510280236,production,production,False,False,0.1
(*)|(loc_dist_ema20_atr_ts_band30_70==1)|(reg_atr_change_rate_ts_top20==1&reg_atr_change_rate_ts_top40==1&reg_atr_change_rate_ts_top50==0&reg_atr_change_rate_ts_top60==0),*,loc_dist_ema20_atr_ts_band30_70==1,reg_atr_change_rate_ts_top20==1&reg_atr_change_rate_ts_top40==1&reg_atr_change_rate_ts_top50==0&reg_atr_change_rate_ts_top60==0,-0.3523834745089213,0.3523834745089213,0.03194279812826906,0.295670747756958,0.09599999999999999,0.030174799394834736,1.0,1.0,0.5193889541715628,765,,,-0.016592327309194188,-0.046500050897017545,-0.020678623068153053,0.01127224839914974,,0.3333333333333333,,,,0.11043558754619744,,-0.1551383399209486,0.03686859195491667,0.24789947891254047,1.972925466027123e-10,0.0001569639214888631,0.01,0.017172845425311053,0.01,0.01,0.011488634627312422,0.003933382912244223,0.003933382912244223,9.07569e-05,-0.3524742314089213,3,1,1,5,5,stage_a_context,,short,5-way,True,,production,production,,,-0.02805176752183125,0.9359999999999997,primary_target,0,ranking,research,"{""checks"": {""n_folds"": {""value"": 3, ""threshold"": 3, ""passed"": true}, ""healthy_fold_count"": {""value"": 3, ""threshold"": 2, ""passed"": true}, ""healthy_fold_ratio"": {""value"": 1.0, ""threshold"": 0.6666666666666666, ""passed"": true}, ""presence_freq"": {""value"": 1.0, ""threshold"": 0.75, ""passed"": true}, ""directional_mean_ret"": {""value"": 0.3523834745089213, ""threshold"": 0.0, ""passed"": true}, ""hurdle_excess"": {""value"": 0.35229271760892134, ""threshold"": 0.0, ""passed"": true}, ""min_support_actual"": {""value"": 765, ""threshold"": 50, ""passed"": true}, ""is_structurally_sound"": {""value"": false, ""passed"": false}, ""trade_path_quality_score"": {""value"": 1.972925466027123e-10, ""threshold"": 0.0, ""passed"": true}}, ""failures"": [""structural_soundness_fail: ""], ""warnings"": [], ""classification"": ""research""}",0.0,0.0,0.4094120832280493,production,production,False,False,0.1
(*)|(loc_dist_ema20_atr_ts_bot40==0&loc_dist_ema20_atr_ts_top60==0)|(reg_atr_change_rate_ts_band30_70==1&reg_atr_change_rate_ts_top20==1&reg_atr_change_rate_ts_top50==0),*,loc_dist_ema20_atr_ts_bot40==0&loc_dist_ema20_atr_ts_top60==0,reg_atr_change_rate_ts_band30_70==1&reg_atr_change_rate_ts_top20==1&reg_atr_change_rate_ts_top50==0,-0.3523834745089213,0.3523834745089213,0.03194279812826906,0.295670747756958,0.09599999999999999,0.030174799394834736,1.0,1.0,0.5193889541715628,765,,,-0.016592327309194188,-0.046500050897017545,-0.020678623068153053,0.01127224839914974,,0.3333333333333333,,,,0.11043558754619744,,-0.1551383399209486,0.03686859195491667,0.24789947891254047,1.972925466027123e-10,0.0001569639214888631,0.01,0.017172845425311053,0.01,0.01,0.011488634627312422,0.003933382912244223,0.003933382912244223,9.07569e-05,-0.3524742314089213,3,3,3,5,5,stage_a_context,,short,5-way,True,,production,production,,,-0.02805176752183125,0.9359999999999997,primary_target,0,ranking,research,"{""checks"": {""n_folds"": {""value"": 3, ""threshold"": 3, ""passed"": true}, ""healthy_fold_count"": {""value"": 3, ""threshold"": 2, ""passed"": true}, ""healthy_fold_ratio"": {""value"": 1.0, ""threshold"": 0.6666666666666666, ""passed"": true}, ""presence_freq"": {""value"": 1.0, ""threshold"": 0.75, ""passed"": true}, ""directional_mean_ret"": {""value"": 0.3523834745089213, ""threshold"": 0.0, ""passed"": true}, ""hurdle_excess"": {""value"": 0.35229271760892134, ""threshold"": 0.0, ""passed"": true}, ""min_support_actual"": {""value"": 765, ""threshold"": 50, ""passed"": true}, ""is_structurally_sound"": {""value"": false, ""passed"": false}, ""trade_path_quality_score"": {""value"": 1.972925466027123e-10, ""threshold"": 0.0, ""passed"": true}}, ""failures"": [""structural_soundness_fail: ""], ""warnings"": [], ""classification"": ""research""}",0.0,0.0,0.5748183889546775,production,production,False,False,0.1
(*)|(loc_dist_ema20_atr_ts_bot50==1&loc_dist_ema20_atr_ts_top40==1&loc_dist_ema20_atr_ts_top60==0)|(reg_atr_change_rate_ts_top20==1),*,loc_dist_ema20_atr_ts_bot50==1&loc_dist_ema20_atr_ts_top40==1&loc_dist_ema20_atr_ts_top60==0,reg_atr_change_rate_ts_top20==1,-0.3523834745089213,0.3523834745089213,0.03194279812826906,0.295670747756958,0.09599999999999999,0.030174799394834736,1.0,1.0,0.5193889541715628,765,,,-0.016592327309194188,-0.046500050897017545,-0.020678623068153053,0.01127224839914974,,0.3333333333333333,,,,0.11043558754619744,,-0.1551383399209486,0.03686859195491667,0.24789947891254047,1.972925466027123e-10,0.0001569639214888631,0.01,0.017172845425311053,0.01,0.01,0.011488634627312422,0.003933382912244223,0.003933382912244223,9.07569e-05,-0.3524742314089213,3,1,1,4,4,stage_a_context,,short,4-way,True,,production,production,,,-0.02805176752183125,0.9359999999999997,primary_target,0,ranking,research,"{""checks"": {""n_folds"": {""value"": 3, ""threshold"": 3, ""passed"": true}, ""healthy_fold_count"": {""value"": 3, ""threshold"": 2, ""passed"": true}, ""healthy_fold_ratio"": {""value"": 1.0, ""threshold"": 0.6666666666666666, ""passed"": true}, ""presence_freq"": {""value"": 1.0, ""threshold"": 0.75, ""passed"": true}, ""directional_mean_ret"": {""value"": 0.3523834745089213, ""threshold"": 0.0, ""passed"": true}, ""hurdle_excess"": {""value"": 0.35229271760892134, ""threshold"": 0.0, ""passed"": true}, ""min_support_actual"": {""value"": 765, ""threshold"": 50, ""passed"": true}, ""is_structurally_sound"": {""value"": false, ""passed"": false}, ""trade_path_quality_score"": {""value"": 1.972925466027123e-10, ""threshold"": 0.0, ""passed"": true}}, ""failures"": [""structural_soundness_fail: ""], ""warnings"": [], ""classification"": ""research""}",0.0,0.0,0.560449945740892,production,production,False,False,0.1
(*)|(loc_dist_ema20_atr_ts_bot50==1&loc_dist_ema20_atr_ts_top40==1)|(reg_atr_change_rate_ts_band25_75==1&reg_atr_change_rate_ts_top20==1&reg_atr_change_rate_ts_top70==0),*,loc_dist_ema20_atr_ts_bot50==1&loc_dist_ema20_atr_ts_top40==1,reg_atr_change_rate_ts_band25_75==1&reg_atr_change_rate_ts_top20==1&reg_atr_change_rate_ts_top70==0,-0.3523834745089213,0.3523834745089213,0.03194279812826906,0.295670747756958,0.09599999999999999,0.030174799394834736,1.0,1.0,0.5193889541715628,765,,,-0.016592327309194188,-0.046500050897017545,-0.020678623068153053,0.01127224839914974,,0.3333333333333333,,,,0.11043558754619744,,-0.1551383399209486,0.03686859195491667,0.24789947891254047,1.972925466027123e-10,0.0001569639214888631,0.01,0.017172845425311053,0.01,0.01,0.011488634627312422,0.003933382912244223,0.003933382912244223,9.07569e-05,-0.3524742314089213,3,1,1,5,5,stage_a_context,,short,5-way,True,,production,production,,,-0.02805176752183125,0.9359999999999997,primary_target,0,ranking,research,"{""checks"": {""n_folds"": {""value"": 3, ""threshold"": 3, ""passed"": true}, ""healthy_fold_count"": {""value"": 3, ""threshold"": 2, ""passed"": true}, ""healthy_fold_ratio"": {""value"": 1.0, ""threshold"": 0.6666666666666666, ""passed"": true}, ""presence_freq"": {""value"": 1.0, ""threshold"": 0.75, ""passed"": true}, ""directional_mean_ret"": {""value"": 0.3523834745089213, ""threshold"": 0.0, ""passed"": true}, ""hurdle_excess"": {""value"": 0.35229271760892134, ""threshold"": 0.0, ""passed"": true}, ""min_support_actual"": {""value"": 765, ""threshold"": 50, ""passed"": true}, ""is_structurally_sound"": {""value"": false, ""passed"": false}, ""trade_path_quality_score"": {""value"": 1.972925466027123e-10, ""threshold"": 0.0, ""passed"": true}}, ""failures"": [""structural_soundness_fail: ""], ""warnings"": [], ""classification"": ""research""}",0.0,0.0,0.6328203325324359,production,production,False,False,0.1
(*)|(loc_dist_ema20_atr_ts_bot50==1)|(reg_atr_change_rate_ts_band30_70==1&reg_atr_change_rate_ts_band40_60==1&reg_atr_change_rate_ts_top20==1),*,loc_dist_ema20_atr_ts_bot50==1,reg_atr_change_rate_ts_band30_70==1&reg_atr_change_rate_ts_band40_60==1&reg_atr_change_rate_ts_top20==1,-0.3523834745089213,0.3523834745089213,0.03194279812826906,0.295670747756958,0.09599999999999999,0.030174799394834736,1.0,1.0,0.5193889541715628,765,,,-0.016592327309194188,-0.046500050897017545,-0.020678623068153053,0.01127224839914974,,0.3333333333333333,,,,0.11043558754619744,,-0.1551383399209486,0.03686859195491667,0.24789947891254047,1.972925466027123e-10,0.0001569639214888631,0.01,0.017172845425311053,0.01,0.01,0.011488634627312422,0.003933382912244223,0.003933382912244223,9.07569e-05,-0.3524742314089213,3,1,1,4,4,stage_a_context,,short,4-way,True,,production,production,,,-0.02805176752183125,0.9359999999999997,primary_target,0,ranking,research,"{""checks"": {""n_folds"": {""value"": 3, ""threshold"": 3, ""passed"": true}, ""healthy_fold_count"": {""value"": 3, ""threshold"": 2, ""passed"": true}, ""healthy_fold_ratio"": {""value"": 1.0, ""threshold"": 0.6666666666666666, ""passed"": true}, ""presence_freq"": {""value"": 1.0, ""threshold"": 0.75, ""passed"": true}, ""directional_mean_ret"": {""value"": 0.3523834745089213, ""threshold"": 0.0, ""passed"": true}, ""hurdle_excess"": {""value"": 0.35229271760892134, ""threshold"": 0.0, ""passed"": true}, ""min_support_actual"": {""value"": 765, ""threshold"": 50, ""passed"": true}, ""is_structurally_sound"": {""value"": false, ""passed"": false}, ""trade_path_quality_score"": {""value"": 1.972925466027123e-10, ""threshold"": 0.0, ""passed"": true}}, ""failures"": [""structural_soundness_fail: ""], ""warnings"": [], ""classification"": ""research""}",0.0,0.0,0.6131764032147562,production,production,False,False,0.1
(*)|(*)|(reg_atr_change_rate_ts_band30_70==1&reg_atr_change_rate_ts_bot50==1&reg_atr_change_rate_ts_top20==1&reg_atr_change_rate_ts_top40==1),*,*,reg_atr_change_rate_ts_band30_70==1&reg_atr_change_rate_ts_bot50==1&reg_atr_change_rate_ts_top20==1&reg_atr_change_rate_ts_top40==1,-0.3523834745089213,0.3523834745089213,0.03194279812826906,0.295670747756958,0.09599999999999999,0.030174799394834736,1.0,1.0,0.5193889541715628,765,,,-0.016592327309194188,-0.046500050897017545,-0.020678623068153053,0.01127224839914974,,0.3333333333333333,,,,0.11043558754619744,,-0.1551383399209486,0.03686859195491667,0.24789947891254047,1.972925466027123e-10,0.0001569639214888631,0.01,0.017172845425311053,0.01,0.01,0.011488634627312422,0.003933382912244223,0.003933382912244223,9.07569e-05,-0.3524742314089213,3,1,1,4,4,stage_a_context,,short,4-way,True,,production,production,,,-0.02805176752183125,0.9359999999999997,primary_target,0,ranking,research,"{""checks"": {""n_folds"": {""value"": 3, ""threshold"": 3, ""passed"": true}, ""healthy_fold_count"": {""value"": 3, ""threshold"": 2, ""passed"": true}, ""healthy_fold_ratio"": {""value"": 1.0, ""threshold"": 0.6666666666666666, ""passed"": true}, ""presence_freq"": {""value"": 1.0, ""threshold"": 0.75, ""passed"": true}, ""directional_mean_ret"": {""value"": 0.3523834745089213, ""threshold"": 0.0, ""passed"": true}, ""hurdle_excess"": {""value"": 0.35229271760892134, ""threshold"": 0.0, ""passed"": true}, ""min_support_actual"": {""value"": 765, ""threshold"": 50, ""passed"": true}, ""is_structurally_sound"": {""value"": false, ""passed"": false}, ""trade_path_quality_score"": {""value"": 1.972925466027123e-10, ""threshold"": 0.0, ""passed"": true}}, ""failures"": [""structural_soundness_fail: ""], ""warnings"": [], ""classification"": ""research""}",0.0,0.0,0.7044779746926538,production,production,False,False,0.1
(*)|(loc_dist_ema20_atr_ts_band30_70==1&loc_dist_ema20_atr_ts_top50==0)|(reg_atr_change_rate_ts_top20==1&reg_atr_change_rate_ts_top40==1&reg_atr_change_rate_ts_top60==0),*,loc_dist_ema20_atr_ts_band30_70==1&loc_dist_ema20_atr_ts_top50==0,reg_atr_change_rate_ts_top20==1&reg_atr_change_rate_ts_top40==1&reg_atr_change_rate_ts_top60==0,-0.3523834745089213,0.3523834745089213,0.03194279812826906,0.295670747756958,0.09599999999999999,0.030174799394834736,1.0,1.0,0.5193889541715628,765,,,-0.016592327309194188,-0.046500050897017545,-0.020678623068153053,0.01127224839914974,,0.3333333333333333,,,,0.11043558754619744,,-0.1551383399209486,0.03686859195491667,0.24789947891254047,1.972925466027123e-10,0.0001569639214888631,0.01,0.017172845425311053,0.01,0.01,0.011488634627312422,0.003933382912244223,0.003933382912244223,9.07569e-05,-0.3524742314089213,3,1,1,5,5,stage_a_context,,short,5-way,True,,production,production,,,-0.02805176752183125,0.9359999999999997,primary_target,0,ranking,research,"{""checks"": {""n_folds"": {""value"": 3, ""threshold"": 3, ""passed"": true}, ""healthy_fold_count"": {""value"": 3, ""threshold"": 2, ""passed"": true}, ""healthy_fold_ratio"": {""value"": 1.0, ""threshold"": 0.6666666666666666, ""passed"": true}, ""presence_freq"": {""value"": 1.0, ""threshold"": 0.75, ""passed"": true}, ""directional_mean_ret"": {""value"": 0.3523834745089213, ""threshold"": 0.0, ""passed"": true}, ""hurdle_excess"": {""value"": 0.35229271760892134, ""threshold"": 0.0, ""passed"": true}, ""min_support_actual"": {""value"": 765, ""threshold"": 50, ""passed"": true}, ""is_structurally_sound"": {""value"": false, ""passed"": false}, ""trade_path_quality_score"": {""value"": 1.972925466027123e-10, ""threshold"": 0.0, ""passed"": true}}, ""failures"": [""structural_soundness_fail: ""], ""warnings"": [], ""classification"": ""research""}",0.0,0.0,0.5658308406526252,production,production,False,False,0.1
(*)|(loc_dist_ema20_atr_ts_band30_70==1)|(reg_atr_change_rate_ts_bot50==1&reg_atr_change_rate_ts_top20==1&reg_atr_change_rate_ts_top40==1&reg_atr_change_rate_ts_top60==0),*,loc_dist_ema20_atr_ts_band30_70==1,reg_atr_change_rate_ts_bot50==1&reg_atr_change_rate_ts_top20==1&reg_atr_change_rate_ts_top40==1&reg_atr_change_rate_ts_top60==0,-0.3523834745089213,0.3523834745089213,0.03194279812826906,0.295670747756958,0.09599999999999999,0.030174799394834736,1.0,1.0,0.5193889541715628,765,,,-0.016592327309194188,-0.046500050897017545,-0.020678623068153053,0.01127224839914974,,0.3333333333333333,,,,0.11043558754619744,,-0.1551383399209486,0.03686859195491667,0.24789947891254047,1.972925466027123e-10,0.0001569639214888631,0.01,0.017172845425311053,0.01,0.01,0.011488634627312422,0.003933382912244223,0.003933382912244223,9.07569e-05,-0.3524742314089213,3,1,1,5,5,stage_a_context,,short,5-way,True,,production,production,,,-0.02805176752183125,0.9359999999999997,primary_target,0,ranking,research,"{""checks"": {""n_folds"": {""value"": 3, ""threshold"": 3, ""passed"": true}, ""healthy_fold_count"": {""value"": 3, ""threshold"": 2, ""passed"": true}, ""healthy_fold_ratio"": {""value"": 1.0, ""threshold"": 0.6666666666666666, ""passed"": true}, ""presence_freq"": {""value"": 1.0, ""threshold"": 0.75, ""passed"": true}, ""directional_mean_ret"": {""value"": 0.3523834745089213, ""threshold"": 0.0, ""passed"": true}, ""hurdle_excess"": {""value"": 0.35229271760892134, ""threshold"": 0.0, ""passed"": true}, ""min_support_actual"": {""value"": 765, ""threshold"": 50, ""passed"": true}, ""is_structurally_sound"": {""value"": false, ""passed"": false}, ""trade_path_quality_score"": {""value"": 1.972925466027123e-10, ""threshold"": 0.0, ""passed"": true}}, ""failures"": [""structural_soundness_fail: ""], ""warnings"": [], ""classification"": ""research""}",0.0,0.0,0.3908009522693609,production,production,False,False,0.1
(*)|(loc_dist_ema20_atr_ts_band25_75==1)|(reg_atr_change_rate_ts_top20==1&reg_atr_change_rate_ts_top40==1&reg_atr_change_rate_ts_top50==0&reg_atr_change_rate_ts_top60==0&reg_atr_change_rate_ts_top70==0),*,loc_dist_ema20_atr_ts_band25_75==1,reg_atr_change_rate_ts_top20==1&reg_atr_change_rate_ts_top40==1&reg_atr_change_rate_ts_top50==0&reg_atr_change_rate_ts_top60==0&reg_atr_change_rate_ts_top70==0,-0.3523834745089213,0.3523834745089213,0.03194279812826906,0.295670747756958,0.09599999999999999,0.030174799394834736,1.0,1.0,0.5193889541715628,765,,,-0.016592327309194188,-0.046500050897017545,-0.020678623068153053,0.01127224839914974,,0.3333333333333333,,,,0.11043558754619744,,-0.1551383399209486,0.03686859195491667,0.24789947891254047,1.972925466027123e-10,0.0001569639214888631,0.01,0.017172845425311053,0.01,0.01,0.011488634627312422,0.003933382912244223,0.003933382912244223,9.07569e-05,-0.3524742314089213,3,1,1,6,6,stage_a_context,,short,6-way,True,,production,production,,,-0.02805176752183125,0.9359999999999997,primary_target,0,ranking,research,"{""checks"": {""n_folds"": {""value"": 3, ""threshold"": 3, ""passed"": true}, ""healthy_fold_count"": {""value"": 3, ""threshold"": 2, ""passed"": true}, ""healthy_fold_ratio"": {""value"": 1.0, ""threshold"": 0.6666666666666666, ""passed"": true}, ""presence_freq"": {""value"": 1.0, ""threshold"": 0.75, ""passed"": true}, ""directional_mean_ret"": {""value"": 0.3523834745089213, ""threshold"": 0.0, ""passed"": true}, ""hurdle_excess"": {""value"": 0.35229271760892134, ""threshold"": 0.0, ""passed"": true}, ""min_support_actual"": {""value"": 765, ""threshold"": 50, ""passed"": true}, ""is_structurally_sound"": {""value"": false, ""passed"": false}, ""trade_path_quality_score"": {""value"": 1.972925466027123e-10, ""threshold"": 0.0, ""passed"": true}}, ""failures"": [""structural_soundness_fail: ""], ""warnings"": [], ""classification"": ""research""}",0.0,0.0,0.563987963032091,production,production,False,False,0.1
(*)|(*)|(reg_atr_change_rate_ts_band30_70==1&reg_atr_change_rate_ts_top20==1&reg_atr_change_rate_ts_top40==1&reg_atr_change_rate_ts_top50==0&reg_atr_change_rate_ts_top60==0),*,*,reg_atr_change_rate_ts_band30_70==1&reg_atr_change_rate_ts_top20==1&reg_atr_change_rate_ts_top40==1&reg_atr_change_rate_ts_top50==0&reg_atr_change_rate_ts_top60==0,-0.3523834745089213,0.3523834745089213,0.03194279812826906,0.295670747756958,0.09599999999999999,0.030174799394834736,1.0,1.0,0.5193889541715628,765,,,-0.016592327309194188,-0.046500050897017545,-0.020678623068153053,0.01127224839914974,,0.3333333333333333,,,,0.11043558754619744,,-0.1551383399209486,0.03686859195491667,0.24789947891254047,1.972925466027123e-10,0.0001569639214888631,0.01,0.017172845425311053,0.01,0.01,0.011488634627312422,0.003933382912244223,0.003933382912244223,9.07569e-05,-0.3524742314089213,3,4,4,5,5,stage_a_context,,short,5-way,True,,production,production,,,-0.02805176752183125,0.9359999999999997,primary_target,0,ranking,research,"{""checks"": {""n_folds"": {""value"": 3, ""threshold"": 3, ""passed"": true}, ""healthy_fold_count"": {""value"": 3, ""threshold"": 2, ""passed"": true}, ""healthy_fold_ratio"": {""value"": 1.0, ""threshold"": 0.6666666666666666, ""passed"": true}, ""presence_freq"": {""value"": 1.0, ""threshold"": 0.75, ""passed"": true}, ""directional_mean_ret"": {""value"": 0.3523834745089213, ""threshold"": 0.0, ""passed"": true}, ""hurdle_excess"": {""value"": 0.35229271760892134, ""threshold"": 0.0, ""passed"": true}, ""min_support_actual"": {""value"": 765, ""threshold"": 50, ""passed"": true}, ""is_structurally_sound"": {""value"": false, ""passed"": false}, ""trade_path_quality_score"": {""value"": 1.972925466027123e-10, ""threshold"": 0.0, ""passed"": true}}, ""failures"": [""structural_soundness_fail: ""], ""warnings"": [], ""classification"": ""research""}",0.0,0.0,0.5740081678667701,production,production,False,False,0.1
(*)|(loc_dist_ema20_atr_ts_top20==1&loc_dist_ema20_atr_ts_top40==1&loc_dist_ema20_atr_ts_top50==0)|(reg_atr_change_rate_ts_top70==0),*,loc_dist_ema20_atr_ts_top20==1&loc_dist_ema20_atr_ts_top40==1&loc_dist_ema20_atr_ts_top50==0,reg_atr_change_rate_ts_top70==0,-0.3523834745089213,0.3523834745089213,0.03194279812826906,0.295670747756958,0.09599999999999999,0.030174799394834736,1.0,1.0,0.5193889541715628,765,,,-0.016592327309194188,-0.046500050897017545,-0.020678623068153053,0.01127224839914974,,0.3333333333333333,,,,0.11043558754619744,,-0.1551383399209486,0.03686859195491667,0.24789947891254047,1.972925466027123e-10,0.0001569639214888631,0.01,0.017172845425311053,0.01,0.01,0.011488634627312422,0.003933382912244223,0.003933382912244223,9.07569e-05,-0.3524742314089213,3,1,1,4,4,stage_a_context,,short,4-way,True,,production,production,,,-0.02805176752183125,0.9359999999999997,primary_target,0,ranking,research,"{""checks"": {""n_folds"": {""value"": 3, ""threshold"": 3, ""passed"": true}, ""healthy_fold_count"": {""value"": 3, ""threshold"": 2, ""passed"": true}, ""healthy_fold_ratio"": {""value"": 1.0, ""threshold"": 0.6666666666666666, ""passed"": true}, ""presence_freq"": {""value"": 1.0, ""threshold"": 0.75, ""passed"": true}, ""directional_mean_ret"": {""value"": 0.3523834745089213, ""threshold"": 0.0, ""passed"": true}, ""hurdle_excess"": {""value"": 0.35229271760892134, ""threshold"": 0.0, ""passed"": true}, ""min_support_actual"": {""value"": 765, ""threshold"": 50, ""passed"": true}, ""is_structurally_sound"": {""value"": false, ""passed"": false}, ""trade_path_quality_score"": {""value"": 1.972925466027123e-10, ""threshold"": 0.0, ""passed"": true}}, ""failures"": [""structural_soundness_fail: ""], ""warnings"": [], ""classification"": ""research""}",0.0,0.0,0.4471306747528425,production,production,False,False,0.1
(*)|(*)|(reg_atr_change_rate_ts_bot20==0&reg_atr_change_rate_ts_top30==1&reg_atr_change_rate_ts_top40==1&reg_atr_change_rate_ts_top50==0&reg_atr_change_rate_ts_top70==0),*,*,reg_atr_change_rate_ts_bot20==0&reg_atr_change_rate_ts_top30==1&reg_atr_change_rate_ts_top40==1&reg_atr_change_rate_ts_top50==0&reg_atr_change_rate_ts_top70==0,-0.3523834745089213,0.3523834745089213,0.03194279812826906,0.295670747756958,0.09599999999999999,0.030174799394834736,1.0,1.0,0.5193889541715628,765,,,-0.016592327309194188,-0.046500050897017545,-0.020678623068153053,0.01127224839914974,,0.3333333333333333,,,,0.11043558754619744,,-0.1551383399209486,0.03686859195491667,0.24789947891254047,1.972925466027123e-10,0.0001569639214888631,0.01,0.017172845425311053,0.01,0.01,0.011488634627312422,0.003933382912244223,0.003933382912244223,9.07569e-05,-0.3524742314089213,3,1,1,5,5,stage_a_context,,short,5-way,True,,production,production,,,-0.02805176752183125,0.9359999999999997,primary_target,0,ranking,research,"{""checks"": {""n_folds"": {""value"": 3, ""threshold"": 3, ""passed"": true}, ""healthy_fold_count"": {""value"": 3, ""threshold"": 2, ""passed"": true}, ""healthy_fold_ratio"": {""value"": 1.0, ""threshold"": 0.6666666666666666, ""passed"": true}, ""presence_freq"": {""value"": 1.0, ""threshold"": 0.75, ""passed"": true}, ""directional_mean_ret"": {""value"": 0.3523834745089213, ""threshold"": 0.0, ""passed"": true}, ""hurdle_excess"": {""value"": 0.35229271760892134, ""threshold"": 0.0, ""passed"": true}, ""min_support_actual"": {""value"": 765, ""threshold"": 50, ""passed"": true}, ""is_structurally_sound"": {""value"": false, ""passed"": false}, ""trade_path_quality_score"": {""value"": 1.972925466027123e-10, ""threshold"": 0.0, ""passed"": true}}, ""failures"": [""structural_soundness_fail: ""], ""warnings"": [], ""classification"": ""research""}",0.0,0.0,0.651116377477285,production,production,False,False,0.1
(*)|(*)|(reg_atr_change_rate_ts_top20==1&reg_atr_change_rate_ts_top40==1&reg_atr_change_rate_ts_top50==0&reg_atr_change_rate_ts_top60==0),*,*,reg_atr_change_rate_ts_top20==1&reg_atr_change_rate_ts_top40==1&reg_atr_change_rate_ts_top50==0&reg_atr_change_rate_ts_top60==0,-0.3523834745089213,0.3523834745089213,0.03194279812826906,0.295670747756958,0.09599999999999999,0.030174799394834736,1.0,1.0,0.5193889541715628,765,,,-0.016592327309194188,-0.046500050897017545,-0.020678623068153053,0.01127224839914974,,0.3333333333333333,,,,0.11043558754619744,,-0.1551383399209486,0.03686859195491667,0.24789947891254047,1.972925466027123e-10,0.0001569639214888631,0.01,0.017172845425311053,0.01,0.01,0.011488634627312422,0.003933382912244223,0.003933382912244223,9.07569e-05,-0.3524742314089213,3,1,1,4,4,stage_a_context,,short,4-way,True,,production,production,,,-0.02805176752183125,0.9359999999999997,primary_target,0,ranking,research,"{""checks"": {""n_folds"": {""value"": 3, ""threshold"": 3, ""passed"": true}, ""healthy_fold_count"": {""value"": 3, ""threshold"": 2, ""passed"": true}, ""healthy_fold_ratio"": {""value"": 1.0, ""threshold"": 0.6666666666666666, ""passed"": true}, ""presence_freq"": {""value"": 1.0, ""threshold"": 0.75, ""passed"": true}, ""directional_mean_ret"": {""value"": 0.3523834745089213, ""threshold"": 0.0, ""passed"": true}, ""hurdle_excess"": {""value"": 0.35229271760892134, ""threshold"": 0.0, ""passed"": true}, ""min_support_actual"": {""value"": 765, ""threshold"": 50, ""passed"": true}, ""is_structurally_sound"": {""value"": false, ""passed"": false}, ""trade_path_quality_score"": {""value"": 1.972925466027123e-10, ""threshold"": 0.0, ""passed"": true}}, ""failures"": [""structural_soundness_fail: ""], ""warnings"": [], ""classification"": ""research""}",0.0,0.0,0.7316743850241024,production,production,False,False,0.1
(*)|(*)|(reg_atr_change_rate_ts_top20==1&reg_atr_change_rate_ts_top40==1&reg_atr_change_rate_ts_top50==0&reg_atr_change_rate_ts_top70==0),*,*,reg_atr_change_rate_ts_top20==1&reg_atr_change_rate_ts_top40==1&reg_atr_change_rate_ts_top50==0&reg_atr_change_rate_ts_top70==0,-0.3523834745089213,0.3523834745089213,0.03194279812826906,0.295670747756958,0.09599999999999999,0.030174799394834736,1.0,1.0,0.5193889541715628,765,,,-0.016592327309194188,-0.046500050897017545,-0.020678623068153053,0.01127224839914974,,0.3333333333333333,,,,0.11043558754619744,,-0.1551383399209486,0.03686859195491667,0.24789947891254047,1.972925466027123e-10,0.0001569639214888631,0.01,0.017172845425311053,0.01,0.01,0.011488634627312422,0.003933382912244223,0.003933382912244223,9.07569e-05,-0.3524742314089213,3,3,3,4,4,stage_a_context,,short,4-way,True,,production,production,,,-0.02805176752183125,0.9359999999999997,primary_target,0,ranking,research,"{""checks"": {""n_folds"": {""value"": 3, ""threshold"": 3, ""passed"": true}, ""healthy_fold_count"": {""value"": 3, ""threshold"": 2, ""passed"": true}, ""healthy_fold_ratio"": {""value"": 1.0, ""threshold"": 0.6666666666666666, ""passed"": true}, ""presence_freq"": {""value"": 1.0, ""threshold"": 0.75, ""passed"": true}, ""directional_mean_ret"": {""value"": 0.3523834745089213, ""threshold"": 0.0, ""passed"": true}, ""hurdle_excess"": {""value"": 0.35229271760892134, ""threshold"": 0.0, ""passed"": true}, ""min_support_actual"": {""value"": 765, ""threshold"": 50, ""passed"": true}, ""is_structurally_sound"": {""value"": false, ""passed"": false}, ""trade_path_quality_score"": {""value"": 1.972925466027123e-10, ""threshold"": 0.0, ""passed"": true}}, ""failures"": [""structural_soundness_fail: ""], ""warnings"": [], ""classification"": ""research""}",0.0,0.0,0.8306485534896016,production,production,False,False,0.1
(*)|(*)|(reg_atr_change_rate_ts_top20==1&reg_atr_change_rate_ts_top40==1&reg_atr_change_rate_ts_top50==0&reg_atr_change_rate_ts_top80==0),*,*,reg_atr_change_rate_ts_top20==1&reg_atr_change_rate_ts_top40==1&reg_atr_change_rate_ts_top50==0&reg_atr_change_rate_ts_top80==0,-0.3523834745089213,0.3523834745089213,0.03194279812826906,0.295670747756958,0.09599999999999999,0.030174799394834736,1.0,1.0,0.5193889541715628,765,,,-0.016592327309194188,-0.046500050897017545,-0.020678623068153053,0.01127224839914974,,0.3333333333333333,,,,0.11043558754619744,,-0.1551383399209486,0.03686859195491667,0.24789947891254047,1.972925466027123e-10,0.0001569639214888631,0.01,0.017172845425311053,0.01,0.01,0.011488634627312422,0.003933382912244223,0.003933382912244223,9.07569e-05,-0.3524742314089213,3,1,1,4,4,stage_a_context,,short,4-way,True,,production,production,,,-0.02805176752183125,0.9359999999999997,primary_target,0,ranking,research,"{""checks"": {""n_folds"": {""value"": 3, ""threshold"": 3, ""passed"": true}, ""healthy_fold_count"": {""value"": 3, ""threshold"": 2, ""passed"": true}, ""healthy_fold_ratio"": {""value"": 1.0, ""threshold"": 0.6666666666666666, ""passed"": true}, ""presence_freq"": {""value"": 1.0, ""threshold"": 0.75, ""passed"": true}, ""directional_mean_ret"": {""value"": 0.3523834745089213, ""threshold"": 0.0, ""passed"": true}, ""hurdle_excess"": {""value"": 0.35229271760892134, ""threshold"": 0.0, ""passed"": true}, ""min_support_actual"": {""value"": 765, ""threshold"": 50, ""passed"": true}, ""is_structurally_sound"": {""value"": false, ""passed"": false}, ""trade_path_quality_score"": {""value"": 1.972925466027123e-10, ""threshold"": 0.0, ""passed"": true}}, ""failures"": [""structural_soundness_fail: ""], ""warnings"": [], ""classification"": ""research""}",0.0,0.0,0.34079980751600714,production,production,False,False,0.1
(*)|(loc_dist_ema20_atr_ts_band25_75==1)|(reg_atr_change_rate_ts_top20==1&reg_atr_change_rate_ts_top40==1&reg_atr_change_rate_ts_top50==0),*,loc_dist_ema20_atr_ts_band25_75==1,reg_atr_change_rate_ts_top20==1&reg_atr_change_rate_ts_top40==1&reg_atr_change_rate_ts_top50==0,-0.3523834745089213,0.3523834745089213,0.03194279812826906,0.295670747756958,0.09599999999999999,0.030174799394834736,1.0,1.0,0.5193889541715628,765,,,-0.016592327309194188,-0.046500050897017545,-0.020678623068153053,0.01127224839914974,,0.3333333333333333,,,,0.11043558754619744,,-0.1551383399209486,0.03686859195491667,0.24789947891254047,1.972925466027123e-10,0.0001569639214888631,0.01,0.017172845425311053,0.01,0.01,0.011488634627312422,0.003933382912244223,0.003933382912244223,9.07569e-05,-0.3524742314089213,3,1,1,4,4,stage_a_context,,short,4-way,True,,production,production,,,-0.02805176752183125,0.9359999999999997,primary_target,0,ranking,research,"{""checks"": {""n_folds"": {""value"": 3, ""threshold"": 3, ""passed"": true}, ""healthy_fold_count"": {""value"": 3, ""threshold"": 2, ""passed"": true}, ""healthy_fold_ratio"": {""value"": 1.0, ""threshold"": 0.6666666666666666, ""passed"": true}, ""presence_freq"": {""value"": 1.0, ""threshold"": 0.75, ""passed"": true}, ""directional_mean_ret"": {""value"": 0.3523834745089213, ""threshold"": 0.0, ""passed"": true}, ""hurdle_excess"": {""value"": 0.35229271760892134, ""threshold"": 0.0, ""passed"": true}, ""min_support_actual"": {""value"": 765, ""threshold"": 50, ""passed"": true}, ""is_structurally_sound"": {""value"": false, ""passed"": false}, ""trade_path_quality_score"": {""value"": 1.972925466027123e-10, ""threshold"": 0.0, ""passed"": true}}, ""failures"": [""structural_soundness_fail: ""], ""warnings"": [], ""classification"": ""research""}",0.0,0.0,0.4920484530411834,production,production,False,False,0.1
(*)|(loc_dist_ema20_atr_ts_band30_70==1)|(reg_atr_change_rate_ts_bot20==0&reg_atr_change_rate_ts_top40==1&reg_atr_change_rate_ts_top50==0&reg_atr_change_rate_ts_top60==0),*,loc_dist_ema20_atr_ts_band30_70==1,reg_atr_change_rate_ts_bot20==0&reg_atr_change_rate_ts_top40==1&reg_atr_change_rate_ts_top50==0&reg_atr_change_rate_ts_top60==0,-0.3523834745089213,0.3523834745089213,0.03194279812826906,0.295670747756958,0.09599999999999999,0.030174799394834736,1.0,1.0,0.5193889541715628,765,,,-0.016592327309194188,-0.046500050897017545,-0.020678623068153053,0.01127224839914974,,0.3333333333333333,,,,0.11043558754619744,,-0.1551383399209486,0.03686859195491667,0.24789947891254047,1.972925466027123e-10,0.0001569639214888631,0.01,0.017172845425311053,0.01,0.01,0.011488634627312422,0.003933382912244223,0.003933382912244223,9.07569e-05,-0.3524742314089213,3,2,2,5,5,stage_a_context,,short,5-way,True,,production,production,,,-0.02805176752183125,0.9359999999999997,primary_target,0,ranking,research,"{""checks"": {""n_folds"": {""value"": 3, ""threshold"": 3, ""passed"": true}, ""healthy_fold_count"": {""value"": 3, ""threshold"": 2, ""passed"": true}, ""healthy_fold_ratio"": {""value"": 1.0, ""threshold"": 0.6666666666666666, ""passed"": true}, ""presence_freq"": {""value"": 1.0, ""threshold"": 0.75, ""passed"": true}, ""directional_mean_ret"": {""value"": 0.3523834745089213, ""threshold"": 0.0, ""passed"": true}, ""hurdle_excess"": {""value"": 0.35229271760892134, ""threshold"": 0.0, ""passed"": true}, ""min_support_actual"": {""value"": 765, ""threshold"": 50, ""passed"": true}, ""is_structurally_sound"": {""value"": false, ""passed"": false}, ""trade_path_quality_score"": {""value"": 1.972925466027123e-10, ""threshold"": 0.0, ""passed"": true}}, ""failures"": [""structural_soundness_fail: ""], ""warnings"": [], ""classification"": ""research""}",0.0,0.0,0.6486973955906243,production,production,False,False,0.1
(*)|(loc_dist_ema20_atr_ts_band30_70==1&loc_dist_ema20_atr_ts_top20==1&loc_dist_ema20_atr_ts_top50==0)|(reg_atr_change_rate_ts_bot60==1&reg_atr_change_rate_ts_top40==1),*,loc_dist_ema20_atr_ts_band30_70==1&loc_dist_ema20_atr_ts_top20==1&loc_dist_ema20_atr_ts_top50==0,reg_atr_change_rate_ts_bot60==1&reg_atr_change_rate_ts_top40==1,-0.3523834745089213,0.3523834745089213,0.03194279812826906,0.295670747756958,0.09599999999999999,0.030174799394834736,1.0,1.0,0.5193889541715628,765,,,-0.016592327309194188,-0.046500050897017545,-0.020678623068153053,0.01127224839914974,,0.3333333333333333,,,,0.11043558754619744,,-0.1551383399209486,0.03686859195491667,0.24789947891254047,1.972925466027123e-10,0.0001569639214888631,0.01,0.017172845425311053,0.01,0.01,0.011488634627312422,0.003933382912244223,0.003933382912244223,9.07569e-05,-0.3524742314089213,3,1,1,5,5,stage_a_context,,short,5-way,True,,production,production,,,-0.02805176752183125,0.9359999999999997,primary_target,0,ranking,research,"{""checks"": {""n_folds"": {""value"": 3, ""threshold"": 3, ""passed"": true}, ""healthy_fold_count"": {""value"": 3, ""threshold"": 2, ""passed"": true}, ""healthy_fold_ratio"": {""value"": 1.0, ""threshold"": 0.6666666666666666, ""passed"": true}, ""presence_freq"": {""value"": 1.0, ""threshold"": 0.75, ""passed"": true}, ""directional_mean_ret"": {""value"": 0.3523834745089213, ""threshold"": 0.0, ""passed"": true}, ""hurdle_excess"": {""value"": 0.35229271760892134, ""threshold"": 0.0, ""passed"": true}, ""min_support_actual"": {""value"": 765, ""threshold"": 50, ""passed"": true}, ""is_structurally_sound"": {""value"": false, ""passed"": false}, ""trade_path_quality_score"": {""value"": 1.972925466027123e-10, ""threshold"": 0.0, ""passed"": true}}, ""failures"": [""structural_soundness_fail: ""], ""warnings"": [], ""classification"": ""research""}",0.0,0.0,0.7070657179644431,production,production,False,False,0.1
(*)|(loc_dist_ema20_atr_ts_band30_70==1&loc_dist_ema20_atr_ts_top20==1&loc_dist_ema20_atr_ts_top50==0)|(reg_atr_change_rate_ts_top40==1),*,loc_dist_ema20_atr_ts_band30_70==1&loc_dist_ema20_atr_ts_top20==1&loc_dist_ema20_atr_ts_top50==0,reg_atr_change_rate_ts_top40==1,-0.3523834745089213,0.3523834745089213,0.03194279812826906,0.295670747756958,0.09599999999999999,0.030174799394834736,1.0,1.0,0.5193889541715628,765,,,-0.016592327309194188,-0.046500050897017545,-0.020678623068153053,0.01127224839914974,,0.3333333333333333,,,,0.11043558754619744,,-0.1551383399209486,0.03686859195491667,0.24789947891254047,1.972925466027123e-10,0.0001569639214888631,0.01,0.017172845425311053,0.01,0.01,0.011488634627312422,0.003933382912244223,0.003933382912244223,9.07569e-05,-0.3524742314089213,3,1,1,4,4,stage_a_context,,short,4-way,True,,production,production,,,-0.02805176752183125,0.9359999999999997,primary_target,0,ranking,research,"{""checks"": {""n_folds"": {""value"": 3, ""threshold"": 3, ""passed"": true}, ""healthy_fold_count"": {""value"": 3, ""threshold"": 2, ""passed"": true}, ""healthy_fold_ratio"": {""value"": 1.0, ""threshold"": 0.6666666666666666, ""passed"": true}, ""presence_freq"": {""value"": 1.0, ""threshold"": 0.75, ""passed"": true}, ""directional_mean_ret"": {""value"": 0.3523834745089213, ""threshold"": 0.0, ""passed"": true}, ""hurdle_excess"": {""value"": 0.35229271760892134, ""threshold"": 0.0, ""passed"": true}, ""min_support_actual"": {""value"": 765, ""threshold"": 50, ""passed"": true}, ""is_structurally_sound"": {""value"": false, ""passed"": false}, ""trade_path_quality_score"": {""value"": 1.972925466027123e-10, ""threshold"": 0.0, ""passed"": true}}, ""failures"": [""structural_soundness_fail: ""], ""warnings"": [], ""classification"": ""research""}",0.0,0.0,0.6212158808566645,production,production,False,False,0.1
(*)|(loc_dist_ema20_atr_ts_band30_70==1&loc_dist_ema20_atr_ts_top20==1&loc_dist_ema20_atr_ts_top60==0)|(reg_atr_change_rate_ts_top40==1&reg_atr_change_rate_ts_top50==0),*,loc_dist_ema20_atr_ts_band30_70==1&loc_dist_ema20_atr_ts_top20==1&loc_dist_ema20_atr_ts_top60==0,reg_atr_change_rate_ts_top40==1&reg_atr_change_rate_ts_top50==0,-0.3523834745089213,0.3523834745089213,0.03194279812826906,0.295670747756958,0.09599999999999999,0.030174799394834736,1.0,1.0,0.5193889541715628,765,,,-0.016592327309194188,-0.046500050897017545,-0.020678623068153053,0.01127224839914974,,0.3333333333333333,,,,0.11043558754619744,,-0.1551383399209486,0.03686859195491667,0.24789947891254047,1.972925466027123e-10,0.0001569639214888631,0.01,0.017172845425311053,0.01,0.01,0.011488634627312422,0.003933382912244223,0.003933382912244223,9.07569e-05,-0.3524742314089213,3,2,2,5,5,stage_a_context,,short,5-way,True,,production,production,,,-0.02805176752183125,0.9359999999999997,primary_target,0,ranking,research,"{""checks"": {""n_folds"": {""value"": 3, ""threshold"": 3, ""passed"": true}, ""healthy_fold_count"": {""value"": 3, ""threshold"": 2, ""passed"": true}, ""healthy_fold_ratio"": {""value"": 1.0, ""threshold"": 0.6666666666666666, ""passed"": true}, ""presence_freq"": {""value"": 1.0, ""threshold"": 0.75, ""passed"": true}, ""directional_mean_ret"": {""value"": 0.3523834745089213, ""threshold"": 0.0, ""passed"": true}, ""hurdle_excess"": {""value"": 0.35229271760892134, ""threshold"": 0.0, ""passed"": true}, ""min_support_actual"": {""value"": 765, ""threshold"": 50, ""passed"": true}, ""is_structurally_sound"": {""value"": false, ""passed"": false}, ""trade_path_quality_score"": {""value"": 1.972925466027123e-10, ""threshold"": 0.0, ""passed"": true}}, ""failures"": [""structural_soundness_fail: ""], ""warnings"": [], ""classification"": ""research""}",0.0,0.0,0.6404594731363538,production,production,False,False,0.1
(*)|(loc_dist_ema20_atr_ts_band30_70==1&loc_dist_ema20_atr_ts_top20==1)|(reg_atr_change_rate_ts_top40==1&reg_atr_change_rate_ts_top50==0&reg_atr_change_rate_ts_top60==0),*,loc_dist_ema20_atr_ts_band30_70==1&loc_dist_ema20_atr_ts_top20==1,reg_atr_change_rate_ts_top40==1&reg_atr_change_rate_ts_top50==0&reg_atr_change_rate_ts_top60==0,-0.3523834745089213,0.3523834745089213,0.03194279812826906,0.295670747756958,0.09599999999999999,0.030174799394834736,1.0,1.0,0.5193889541715628,765,,,-0.016592327309194188,-0.046500050897017545,-0.020678623068153053,0.01127224839914974,,0.3333333333333333,,,,0.11043558754619744,,-0.1551383399209486,0.03686859195491667,0.24789947891254047,1.972925466027123e-10,0.0001569639214888631,0.01,0.017172845425311053,0.01,0.01,0.011488634627312422,0.003933382912244223,0.003933382912244223,9.07569e-05,-0.3524742314089213,3,1,1,5,5,stage_a_context,,short,5-way,True,,production,production,,,-0.02805176752183125,0.9359999999999997,primary_target,0,ranking,research,"{""checks"": {""n_folds"": {""value"": 3, ""threshold"": 3, ""passed"": true}, ""healthy_fold_count"": {""value"": 3, ""threshold"": 2, ""passed"": true}, ""healthy_fold_ratio"": {""value"": 1.0, ""threshold"": 0.6666666666666666, ""passed"": true}, ""presence_freq"": {""value"": 1.0, ""threshold"": 0.75, ""passed"": true}, ""directional_mean_ret"": {""value"": 0.3523834745089213, ""threshold"": 0.0, ""passed"": true}, ""hurdle_excess"": {""value"": 0.35229271760892134, ""threshold"": 0.0, ""passed"": true}, ""min_support_actual"": {""value"": 765, ""threshold"": 50, ""passed"": true}, ""is_structurally_sound"": {""value"": false, ""passed"": false}, ""trade_path_quality_score"": {""value"": 1.972925466027123e-10, ""threshold"": 0.0, ""passed"": true}}, ""failures"": [""structural_soundness_fail: ""], ""warnings"": [], ""classification"": ""research""}",0.0,0.0,0.7546366905801946,production,production,False,False,0.1
(*)|(loc_dist_ema20_atr_ts_band30_70==1&loc_dist_ema20_atr_ts_top40==1&loc_dist_ema20_atr_ts_top60==0)|(reg_atr_change_rate_ts_top20==1&reg_atr_change_rate_ts_top50==0),*,loc_dist_ema20_atr_ts_band30_70==1&loc_dist_ema20_atr_ts_top40==1&loc_dist_ema20_atr_ts_top60==0,reg_atr_change_rate_ts_top20==1&reg_atr_change_rate_ts_top50==0,-0.3523834745089213,0.3523834745089213,0.03194279812826906,0.295670747756958,0.09599999999999999,0.030174799394834736,1.0,1.0,0.5193889541715628,765,,,-0.016592327309194188,-0.046500050897017545,-0.020678623068153053,0.01127224839914974,,0.3333333333333333,,,,0.11043558754619744,,-0.1551383399209486,0.03686859195491667,0.24789947891254047,1.972925466027123e-10,0.0001569639214888631,0.01,0.017172845425311053,0.01,0.01,0.011488634627312422,0.003933382912244223,0.003933382912244223,9.07569e-05,-0.3524742314089213,3,2,2,5,5,stage_a_context,,short,5-way,True,,production,production,,,-0.02805176752183125,0.9359999999999997,primary_target,0,ranking,research,"{""checks"": {""n_folds"": {""value"": 3, ""threshold"": 3, ""passed"": true}, ""healthy_fold_count"": {""value"": 3, ""threshold"": 2, ""passed"": true}, ""healthy_fold_ratio"": {""value"": 1.0, ""threshold"": 0.6666666666666666, ""passed"": true}, ""presence_freq"": {""value"": 1.0, ""threshold"": 0.75, ""passed"": true}, ""directional_mean_ret"": {""value"": 0.3523834745089213, ""threshold"": 0.0, ""passed"": true}, ""hurdle_excess"": {""value"": 0.35229271760892134, ""threshold"": 0.0, ""passed"": true}, ""min_support_actual"": {""value"": 765, ""threshold"": 50, ""passed"": true}, ""is_structurally_sound"": {""value"": false, ""passed"": false}, ""trade_path_quality_score"": {""value"": 1.972925466027123e-10, ""threshold"": 0.0, ""passed"": true}}, ""failures"": [""structural_soundness_fail: ""], ""warnings"": [], ""classification"": ""research""}",0.0,0.0,0.8098385147300842,production,production,False,False,0.1
(*)|(loc_dist_ema20_atr_ts_band30_70==1&loc_dist_ema20_atr_ts_top50==0)|(reg_atr_change_rate_ts_top20==1&reg_atr_change_rate_ts_top40==1),*,loc_dist_ema20_atr_ts_band30_70==1&loc_dist_ema20_atr_ts_top50==0,reg_atr_change_rate_ts_top20==1&reg_atr_change_rate_ts_top40==1,-0.3523834745089213,0.3523834745089213,0.03194279812826906,0.295670747756958,0.09599999999999999,0.030174799394834736,1.0,1.0,0.5193889541715628,765,,,-0.016592327309194188,-0.046500050897017545,-0.020678623068153053,0.01127224839914974,,0.3333333333333333,,,,0.11043558754619744,,-0.1551383399209486,0.03686859195491667,0.24789947891254047,1.972925466027123e-10,0.0001569639214888631,0.01,0.017172845425311053,0.01,0.01,0.011488634627312422,0.003933382912244223,0.003933382912244223,9.07569e-05,-0.3524742314089213,3,1,1,4,4,stage_a_context,,short,4-way,True,,production,production,,,-0.02805176752183125,0.9359999999999997,primary_target,0,ranking,research,"{""checks"": {""n_folds"": {""value"": 3, ""threshold"": 3, ""passed"": true}, ""healthy_fold_count"": {""value"": 3, ""threshold"": 2, ""passed"": true}, ""healthy_fold_ratio"": {""value"": 1.0, ""threshold"": 0.6666666666666666, ""passed"": true}, ""presence_freq"": {""value"": 1.0, ""threshold"": 0.75, ""passed"": true}, ""directional_mean_ret"": {""value"": 0.3523834745089213, ""threshold"": 0.0, ""passed"": true}, ""hurdle_excess"": {""value"": 0.35229271760892134, ""threshold"": 0.0, ""passed"": true}, ""min_support_actual"": {""value"": 765, ""threshold"": 50, ""passed"": true}, ""is_structurally_sound"": {""value"": false, ""passed"": false}, ""trade_path_quality_score"": {""value"": 1.972925466027123e-10, ""threshold"": 0.0, ""passed"": true}}, ""failures"": [""structural_soundness_fail: ""], ""warnings"": [], ""classification"": ""research""}",0.0,0.0,0.5483260311625672,production,production,False,False,0.1
(*)|(loc_dist_ema20_atr_ts_top20==1&loc_dist_ema20_atr_ts_top30==1)|(reg_atr_change_rate_ts_top40==1&reg_atr_change_rate_ts_top50==0&reg_atr_change_rate_ts_top60==0&reg_atr_change_rate_ts_top70==0),*,loc_dist_ema20_atr_ts_top20==1&loc_dist_ema20_atr_ts_top30==1,reg_atr_change_rate_ts_top40==1&reg_atr_change_rate_ts_top50==0&reg_atr_change_rate_ts_top60==0&reg_atr_change_rate_ts_top70==0,-0.3523834745089213,0.3523834745089213,0.03194279812826906,0.295670747756958,0.09599999999999999,0.030174799394834736,1.0,1.0,0.5193889541715628,765,,,-0.016592327309194188,-0.046500050897017545,-0.020678623068153053,0.01127224839914974,,0.3333333333333333,,,,0.11043558754619744,,-0.1551383399209486,0.03686859195491667,0.24789947891254047,1.972925466027123e-10,0.0001569639214888631,0.01,0.017172845425311053,0.01,0.01,0.011488634627312422,0.003933382912244223,0.003933382912244223,9.07569e-05,-0.3524742314089213,3,1,1,6,6,stage_a_context,,short,6-way,True,,production,production,,,-0.02805176752183125,0.9359999999999997,primary_target,0,ranking,research,"{""checks"": {""n_folds"": {""value"": 3, ""threshold"": 3, ""passed"": true}, ""healthy_fold_count"": {""value"": 3, ""threshold"": 2, ""passed"": true}, ""healthy_fold_ratio"": {""value"": 1.0, ""threshold"": 0.6666666666666666, ""passed"": true}, ""presence_freq"": {""value"": 1.0, ""threshold"": 0.75, ""passed"": true}, ""directional_mean_ret"": {""value"": 0.3523834745089213, ""threshold"": 0.0, ""passed"": true}, ""hurdle_excess"": {""value"": 0.35229271760892134, ""threshold"": 0.0, ""passed"": true}, ""min_support_actual"": {""value"": 765, ""threshold"": 50, ""passed"": true}, ""is_structurally_sound"": {""value"": false, ""passed"": false}, ""trade_path_quality_score"": {""value"": 1.972925466027123e-10, ""threshold"": 0.0, ""passed"": true}}, ""failures"": [""structural_soundness_fail: ""], ""warnings"": [], ""classification"": ""research""}",0.0,0.0,0.7805126010037906,production,production,False,False,0.1
(*)|(loc_dist_ema20_atr_ts_top30==1)|(reg_atr_change_rate_ts_top20==1&reg_atr_change_rate_ts_top40==1&reg_atr_change_rate_ts_top50==0&reg_atr_change_rate_ts_top60==0),*,loc_dist_ema20_atr_ts_top30==1,reg_atr_change_rate_ts_top20==1&reg_atr_change_rate_ts_top40==1&reg_atr_change_rate_ts_top50==0&reg_atr_change_rate_ts_top60==0,-0.3523834745089213,0.3523834745089213,0.03194279812826906,0.295670747756958,0.09599999999999999,0.030174799394834736,1.0,1.0,0.5193889541715628,765,,,-0.016592327309194188,-0.046500050897017545,-0.020678623068153053,0.01127224839914974,,0.3333333333333333,,,,0.11043558754619744,,-0.1551383399209486,0.03686859195491667,0.24789947891254047,1.972925466027123e-10,0.0001569639214888631,0.01,0.017172845425311053,0.01,0.01,0.011488634627312422,0.003933382912244223,0.003933382912244223,9.07569e-05,-0.3524742314089213,3,1,1,5,5,stage_a_context,,short,5-way,True,,production,production,,,-0.02805176752183125,0.9359999999999997,primary_target,0,ranking,research,"{""checks"": {""n_folds"": {""value"": 3, ""threshold"": 3, ""passed"": true}, ""healthy_fold_count"": {""value"": 3, ""threshold"": 2, ""passed"": true}, ""healthy_fold_ratio"": {""value"": 1.0, ""threshold"": 0.6666666666666666, ""passed"": true}, ""presence_freq"": {""value"": 1.0, ""threshold"": 0.75, ""passed"": true}, ""directional_mean_ret"": {""value"": 0.3523834745089213, ""threshold"": 0.0, ""passed"": true}, ""hurdle_excess"": {""value"": 0.35229271760892134, ""threshold"": 0.0, ""passed"": true}, ""min_support_actual"": {""value"": 765, ""threshold"": 50, ""passed"": true}, ""is_structurally_sound"": {""value"": false, ""passed"": false}, ""trade_path_quality_score"": {""value"": 1.972925466027123e-10, ""threshold"": 0.0, ""passed"": true}}, ""failures"": [""structural_soundness_fail: ""], ""warnings"": [], ""classification"": ""research""}",0.0,0.0,0.3182851356065015,production,production,False,False,0.1
(*)|(loc_dist_ema20_atr_ts_top20==1&loc_dist_ema20_atr_ts_top40==1)|(reg_atr_change_rate_ts_band25_75==1&reg_atr_change_rate_ts_top50==0),*,loc_dist_ema20_atr_ts_top20==1&loc_dist_ema20_atr_ts_top40==1,reg_atr_change_rate_ts_band25_75==1&reg_atr_change_rate_ts_top50==0,-0.3523834745089213,0.3523834745089213,0.03194279812826906,0.295670747756958,0.09599999999999999,0.030174799394834736,1.0,1.0,0.5193889541715628,765,,,-0.016592327309194188,-0.046500050897017545,-0.020678623068153053,0.01127224839914974,,0.3333333333333333,,,,0.11043558754619744,,-0.1551383399209486,0.03686859195491667,0.24789947891254047,1.972925466027123e-10,0.0001569639214888631,0.01,0.017172845425311053,0.01,0.01,0.011488634627312422,0.003933382912244223,0.003933382912244223,9.07569e-05,-0.3524742314089213,3,1,1,4,4,stage_a_context,,short,4-way,True,,production,production,,,-0.02805176752183125,0.9359999999999997,primary_target,0,ranking,research,"{""checks"": {""n_folds"": {""value"": 3, ""threshold"": 3, ""passed"": true}, ""healthy_fold_count"": {""value"": 3, ""threshold"": 2, ""passed"": true}, ""healthy_fold_ratio"": {""value"": 1.0, ""threshold"": 0.6666666666666666, ""passed"": true}, ""presence_freq"": {""value"": 1.0, ""threshold"": 0.75, ""passed"": true}, ""directional_mean_ret"": {""value"": 0.3523834745089213, ""threshold"": 0.0, ""passed"": true}, ""hurdle_excess"": {""value"": 0.35229271760892134, ""threshold"": 0.0, ""passed"": true}, ""min_support_actual"": {""value"": 765, ""threshold"": 50, ""passed"": true}, ""is_structurally_sound"": {""value"": false, ""passed"": false}, ""trade_path_quality_score"": {""value"": 1.972925466027123e-10, ""threshold"": 0.0, ""passed"": true}}, ""failures"": [""structural_soundness_fail: ""], ""warnings"": [], ""classification"": ""research""}",0.0,0.0,0.21027314377299172,production,production,False,False,0.1
(*)|(loc_dist_ema20_atr_ts_top20==1&loc_dist_ema20_atr_ts_top50==0)|(reg_atr_change_rate_ts_band25_75==1&reg_atr_change_rate_ts_top30==1&reg_atr_change_rate_ts_top40==1),*,loc_dist_ema20_atr_ts_top20==1&loc_dist_ema20_atr_ts_top50==0,reg_atr_change_rate_ts_band25_75==1&reg_atr_change_rate_ts_top30==1&reg_atr_change_rate_ts_top40==1,-0.3523834745089213,0.3523834745089213,0.03194279812826906,0.295670747756958,0.09599999999999999,0.030174799394834736,1.0,1.0,0.5193889541715628,765,,,-0.016592327309194188,-0.046500050897017545,-0.020678623068153053,0.01127224839914974,,0.3333333333333333,,,,0.11043558754619744,,-0.1551383399209486,0.03686859195491667,0.24789947891254047,1.972925466027123e-10,0.0001569639214888631,0.01,0.017172845425311053,0.01,0.01,0.011488634627312422,0.003933382912244223,0.003933382912244223,9.07569e-05,-0.3524742314089213,3,1,1,5,5,stage_a_context,,short,5-way,True,,production,production,,,-0.02805176752183125,0.9359999999999997,primary_target,0,ranking,research,"{""checks"": {""n_folds"": {""value"": 3, ""threshold"": 3, ""passed"": true}, ""healthy_fold_count"": {""value"": 3, ""threshold"": 2, ""passed"": true}, ""healthy_fold_ratio"": {""value"": 1.0, ""threshold"": 0.6666666666666666, ""passed"": true}, ""presence_freq"": {""value"": 1.0, ""threshold"": 0.75, ""passed"": true}, ""directional_mean_ret"": {""value"": 0.3523834745089213, ""threshold"": 0.0, ""passed"": true}, ""hurdle_excess"": {""value"": 0.35229271760892134, ""threshold"": 0.0, ""passed"": true}, ""min_support_actual"": {""value"": 765, ""threshold"": 50, ""passed"": true}, ""is_structurally_sound"": {""value"": false, ""passed"": false}, ""trade_path_quality_score"": {""value"": 1.972925466027123e-10, ""threshold"": 0.0, ""passed"": true}}, ""failures"": [""structural_soundness_fail: ""], ""warnings"": [], ""classification"": ""research""}",0.0,0.0,0.4505931778733801,production,production,False,False,0.1
(*)|(loc_dist_ema20_atr_ts_top40==1)|(reg_atr_change_rate_ts_top20==1&reg_atr_change_rate_ts_top50==0&reg_atr_change_rate_ts_top70==0),*,loc_dist_ema20_atr_ts_top40==1,reg_atr_change_rate_ts_top20==1&reg_atr_change_rate_ts_top50==0&reg_atr_change_rate_ts_top70==0,-0.3523834745089213,0.3523834745089213,0.03194279812826906,0.295670747756958,0.09599999999999999,0.030174799394834736,1.0,1.0,0.5193889541715628,765,,,-0.016592327309194188,-0.046500050897017545,-0.020678623068153053,0.01127224839914974,,0.3333333333333333,,,,0.11043558754619744,,-0.1551383399209486,0.03686859195491667,0.24789947891254047,1.972925466027123e-10,0.0001569639214888631,0.01,0.017172845425311053,0.01,0.01,0.011488634627312422,0.003933382912244223,0.003933382912244223,9.07569e-05,-0.3524742314089213,3,2,2,4,4,stage_a_context,,short,4-way,True,,production,production,,,-0.02805176752183125,0.9359999999999997,primary_target,0,ranking,research,"{""checks"": {""n_folds"": {""value"": 3, ""threshold"": 3, ""passed"": true}, ""healthy_fold_count"": {""value"": 3, ""threshold"": 2, ""passed"": true}, ""healthy_fold_ratio"": {""value"": 1.0, ""threshold"": 0.6666666666666666, ""passed"": true}, ""presence_freq"": {""value"": 1.0, ""threshold"": 0.75, ""passed"": true}, ""directional_mean_ret"": {""value"": 0.3523834745089213, ""threshold"": 0.0, ""passed"": true}, ""hurdle_excess"": {""value"": 0.35229271760892134, ""threshold"": 0.0, ""passed"": true}, ""min_support_actual"": {""value"": 765, ""threshold"": 50, ""passed"": true}, ""is_structurally_sound"": {""value"": false, ""passed"": false}, ""trade_path_quality_score"": {""value"": 1.972925466027123e-10, ""threshold"": 0.0, ""passed"": true}}, ""failures"": [""structural_soundness_fail: ""], ""warnings"": [], ""classification"": ""research""}",0.0,0.0,0.6080453555662877,production,production,False,False,0.1
(*)|(loc_dist_ema20_atr_ts_top50==0)|(reg_atr_change_rate_ts_band25_75==1&reg_atr_change_rate_ts_top20==1&reg_atr_change_rate_ts_top30==1&reg_atr_change_rate_ts_top40==1&reg_atr_change_rate_ts_top60==0),*,loc_dist_ema20_atr_ts_top50==0,reg_atr_change_rate_ts_band25_75==1&reg_atr_change_rate_ts_top20==1&reg_atr_change_rate_ts_top30==1&reg_atr_change_rate_ts_top40==1&reg_atr_change_rate_ts_top60==0,-0.3523834745089213,0.3523834745089213,0.03194279812826906,0.295670747756958,0.09599999999999999,0.030174799394834736,1.0,1.0,0.5193889541715628,765,,,-0.016592327309194188,-0.046500050897017545,-0.020678623068153053,0.01127224839914974,,0.3333333333333333,,,,0.11043558754619744,,-0.1551383399209486,0.03686859195491667,0.24789947891254047,1.972925466027123e-10,0.0001569639214888631,0.01,0.017172845425311053,0.01,0.01,0.011488634627312422,0.003933382912244223,0.003933382912244223,9.07569e-05,-0.3524742314089213,3,1,1,6,6,stage_a_context,,short,6-way,True,,production,production,,,-0.02805176752183125,0.9359999999999997,primary_target,0,ranking,research,"{""checks"": {""n_folds"": {""value"": 3, ""threshold"": 3, ""passed"": true}, ""healthy_fold_count"": {""value"": 3, ""threshold"": 2, ""passed"": true}, ""healthy_fold_ratio"": {""value"": 1.0, ""threshold"": 0.6666666666666666, ""passed"": true}, ""presence_freq"": {""value"": 1.0, ""threshold"": 0.75, ""passed"": true}, ""directional_mean_ret"": {""value"": 0.3523834745089213, ""threshold"": 0.0, ""passed"": true}, ""hurdle_excess"": {""value"": 0.35229271760892134, ""threshold"": 0.0, ""passed"": true}, ""min_support_actual"": {""value"": 765, ""threshold"": 50, ""passed"": true}, ""is_structurally_sound"": {""value"": false, ""passed"": false}, ""trade_path_quality_score"": {""value"": 1.972925466027123e-10, ""threshold"": 0.0, ""passed"": true}}, ""failures"": [""structural_soundness_fail: ""], ""warnings"": [], ""classification"": ""research""}",0.0,0.0,0.21041526150729373,production,production,False,False,0.1
(*)|(loc_dist_ema20_atr_ts_top50==0)|(reg_atr_change_rate_ts_band30_70==1&reg_atr_change_rate_ts_band40_60==1&reg_atr_change_rate_ts_top20==1),*,loc_dist_ema20_atr_ts_top50==0,reg_atr_change_rate_ts_band30_70==1&reg_atr_change_rate_ts_band40_60==1&reg_atr_change_rate_ts_top20==1,-0.3523834745089213,0.3523834745089213,0.03194279812826906,0.295670747756958,0.09599999999999999,0.030174799394834736,1.0,1.0,0.5193889541715628,765,,,-0.016592327309194188,-0.046500050897017545,-0.020678623068153053,0.01127224839914974,,0.3333333333333333,,,,0.11043558754619744,,-0.1551383399209486,0.03686859195491667,0.24789947891254047,1.972925466027123e-10,0.0001569639214888631,0.01,0.017172845425311053,0.01,0.01,0.011488634627312422,0.003933382912244223,0.003933382912244223,9.07569e-05,-0.3524742314089213,3,1,1,4,4,stage_a_context,,short,4-way,True,,production,production,,,-0.02805176752183125,0.9359999999999997,primary_target,0,ranking,research,"{""checks"": {""n_folds"": {""value"": 3, ""threshold"": 3, ""passed"": true}, ""healthy_fold_count"": {""value"": 3, ""threshold"": 2, ""passed"": true}, ""healthy_fold_ratio"": {""value"": 1.0, ""threshold"": 0.6666666666666666, ""passed"": true}, ""presence_freq"": {""value"": 1.0, ""threshold"": 0.75, ""passed"": true}, ""directional_mean_ret"": {""value"": 0.3523834745089213, ""threshold"": 0.0, ""passed"": true}, ""hurdle_excess"": {""value"": 0.35229271760892134, ""threshold"": 0.0, ""passed"": true}, ""min_support_actual"": {""value"": 765, ""threshold"": 50, ""passed"": true}, ""is_structurally_sound"": {""value"": false, ""passed"": false}, ""trade_path_quality_score"": {""value"": 1.972925466027123e-10, ""threshold"": 0.0, ""passed"": true}}, ""failures"": [""structural_soundness_fail: ""], ""warnings"": [], ""classification"": ""research""}",0.0,0.0,0.41796206822133497,production,production,False,False,0.1
(*)|(loc_dist_ema20_atr_ts_top50==0)|(reg_atr_change_rate_ts_band30_70==1&reg_atr_change_rate_ts_top20==1&reg_atr_change_rate_ts_top40==1&reg_atr_change_rate_ts_top60==0),*,loc_dist_ema20_atr_ts_top50==0,reg_atr_change_rate_ts_band30_70==1&reg_atr_change_rate_ts_top20==1&reg_atr_change_rate_ts_top40==1&reg_atr_change_rate_ts_top60==0,-0.3523834745089213,0.3523834745089213,0.03194279812826906,0.295670747756958,0.09599999999999999,0.030174799394834736,1.0,1.0,0.5193889541715628,765,,,-0.016592327309194188,-0.046500050897017545,-0.020678623068153053,0.01127224839914974,,0.3333333333333333,,,,0.11043558754619744,,-0.1551383399209486,0.03686859195491667,0.24789947891254047,1.972925466027123e-10,0.0001569639214888631,0.01,0.017172845425311053,0.01,0.01,0.011488634627312422,0.003933382912244223,0.003933382912244223,9.07569e-05,-0.3524742314089213,3,1,1,5,5,stage_a_context,,short,5-way,True,,production,production,,,-0.02805176752183125,0.9359999999999997,primary_target,0,ranking,research,"{""checks"": {""n_folds"": {""value"": 3, ""threshold"": 3, ""passed"": true}, ""healthy_fold_count"": {""value"": 3, ""threshold"": 2, ""passed"": true}, ""healthy_fold_ratio"": {""value"": 1.0, ""threshold"": 0.6666666666666666, ""passed"": true}, ""presence_freq"": {""value"": 1.0, ""threshold"": 0.75, ""passed"": true}, ""directional_mean_ret"": {""value"": 0.3523834745089213, ""threshold"": 0.0, ""passed"": true}, ""hurdle_excess"": {""value"": 0.35229271760892134, ""threshold"": 0.0, ""passed"": true}, ""min_support_actual"": {""value"": 765, ""threshold"": 50, ""passed"": true}, ""is_structurally_sound"": {""value"": false, ""passed"": false}, ""trade_path_quality_score"": {""value"": 1.972925466027123e-10, ""threshold"": 0.0, ""passed"": true}}, ""failures"": [""structural_soundness_fail: ""], ""warnings"": [], ""classification"": ""research""}",0.0,0.0,0.7054120393303034,production,production,False,False,0.1
(*)|(loc_dist_ema20_atr_ts_top50==0)|(reg_atr_change_rate_ts_band30_70==1&reg_atr_change_rate_ts_top20==1&reg_atr_change_rate_ts_top40==1),*,loc_dist_ema20_atr_ts_top50==0,reg_atr_change_rate_ts_band30_70==1&reg_atr_change_rate_ts_top20==1&reg_atr_change_rate_ts_top40==1,-0.3523834745089213,0.3523834745089213,0.03194279812826906,0.295670747756958,0.09599999999999999,0.030174799394834736,1.0,1.0,0.5193889541715628,765,,,-0.016592327309194188,-0.046500050897017545,-0.020678623068153053,0.01127224839914974,,0.3333333333333333,,,,0.11043558754619744,,-0.1551383399209486,0.03686859195491667,0.24789947891254047,1.972925466027123e-10,0.0001569639214888631,0.01,0.017172845425311053,0.01,0.01,0.011488634627312422,0.003933382912244223,0.003933382912244223,9.07569e-05,-0.3524742314089213,3,1,1,4,4,stage_a_context,,short,4-way,True,,production,production,,,-0.02805176752183125,0.9359999999999997,primary_target,0,ranking,research,"{""checks"": {""n_folds"": {""value"": 3, ""threshold"": 3, ""passed"": true}, ""healthy_fold_count"": {""value"": 3, ""threshold"": 2, ""passed"": true}, ""healthy_fold_ratio"": {""value"": 1.0, ""threshold"": 0.6666666666666666, ""passed"": true}, ""presence_freq"": {""value"": 1.0, ""threshold"": 0.75, ""passed"": true}, ""directional_mean_ret"": {""value"": 0.3523834745089213, ""threshold"": 0.0, ""passed"": true}, ""hurdle_excess"": {""value"": 0.35229271760892134, ""threshold"": 0.0, ""passed"": true}, ""min_support_actual"": {""value"": 765, ""threshold"": 50, ""passed"": true}, ""is_structurally_sound"": {""value"": false, ""passed"": false}, ""trade_path_quality_score"": {""value"": 1.972925466027123e-10, ""threshold"": 0.0, ""passed"": true}}, ""failures"": [""structural_soundness_fail: ""], ""warnings"": [], ""classification"": ""research""}",0.0,0.0,0.7806029489803168,production,production,False,False,0.1
(*)|(loc_dist_ema20_atr_ts_top50==0)|(reg_atr_change_rate_ts_top20==1&reg_atr_change_rate_ts_top40==1&reg_atr_change_rate_ts_top60==0&reg_atr_change_rate_ts_top70==0),*,loc_dist_ema20_atr_ts_top50==0,reg_atr_change_rate_ts_top20==1&reg_atr_change_rate_ts_top40==1&reg_atr_change_rate_ts_top60==0&reg_atr_change_rate_ts_top70==0,-0.3523834745089213,0.3523834745089213,0.03194279812826906,0.295670747756958,0.09599999999999999,0.030174799394834736,1.0,1.0,0.5193889541715628,765,,,-0.016592327309194188,-0.046500050897017545,-0.020678623068153053,0.01127224839914974,,0.3333333333333333,,,,0.11043558754619744,,-0.1551383399209486,0.03686859195491667,0.24789947891254047,1.972925466027123e-10,0.0001569639214888631,0.01,0.017172845425311053,0.01,0.01,0.011488634627312422,0.003933382912244223,0.003933382912244223,9.07569e-05,-0.3524742314089213,3,2,2,5,5,stage_a_context,,short,5-way,True,,production,production,,,-0.02805176752183125,0.9359999999999997,primary_target,0,ranking,research,"{""checks"": {""n_folds"": {""value"": 3, ""threshold"": 3, ""passed"": true}, ""healthy_fold_count"": {""value"": 3, ""threshold"": 2, ""passed"": true}, ""healthy_fold_ratio"": {""value"": 1.0, ""threshold"": 0.6666666666666666, ""passed"": true}, ""presence_freq"": {""value"": 1.0, ""threshold"": 0.75, ""passed"": true}, ""directional_mean_ret"": {""value"": 0.3523834745089213, ""threshold"": 0.0, ""passed"": true}, ""hurdle_excess"": {""value"": 0.35229271760892134, ""threshold"": 0.0, ""passed"": true}, ""min_support_actual"": {""value"": 765, ""threshold"": 50, ""passed"": true}, ""is_structurally_sound"": {""value"": false, ""passed"": false}, ""trade_path_quality_score"": {""value"": 1.972925466027123e-10, ""threshold"": 0.0, ""passed"": true}}, ""failures"": [""structural_soundness_fail: ""], ""warnings"": [], ""classification"": ""research""}",0.0,0.0,0.6487365699194338,production,production,False,False,0.1
(*)|(loc_dist_ema20_atr_ts_top60==0)|(reg_atr_change_rate_ts_band30_70==1&reg_atr_change_rate_ts_bot50==1&reg_atr_change_rate_ts_top20==1&reg_atr_change_rate_ts_top40==1),*,loc_dist_ema20_atr_ts_top60==0,reg_atr_change_rate_ts_band30_70==1&reg_atr_change_rate_ts_bot50==1&reg_atr_change_rate_ts_top20==1&reg_atr_change_rate_ts_top40==1,-0.3523834745089213,0.3523834745089213,0.03194279812826906,0.295670747756958,0.09599999999999999,0.030174799394834736,1.0,1.0,0.5193889541715628,765,,,-0.016592327309194188,-0.046500050897017545,-0.020678623068153053,0.01127224839914974,,0.3333333333333333,,,,0.11043558754619744,,-0.1551383399209486,0.03686859195491667,0.24789947891254047,1.972925466027123e-10,0.0001569639214888631,0.01,0.017172845425311053,0.01,0.01,0.011488634627312422,0.003933382912244223,0.003933382912244223,9.07569e-05,-0.3524742314089213,3,1,1,5,5,stage_a_context,,short,5-way,True,,production,production,,,-0.02805176752183125,0.9359999999999997,primary_target,0,ranking,research,"{""checks"": {""n_folds"": {""value"": 3, ""threshold"": 3, ""passed"": true}, ""healthy_fold_count"": {""value"": 3, ""threshold"": 2, ""passed"": true}, ""healthy_fold_ratio"": {""value"": 1.0, ""threshold"": 0.6666666666666666, ""passed"": true}, ""presence_freq"": {""value"": 1.0, ""threshold"": 0.75, ""passed"": true}, ""directional_mean_ret"": {""value"": 0.3523834745089213, ""threshold"": 0.0, ""passed"": true}, ""hurdle_excess"": {""value"": 0.35229271760892134, ""threshold"": 0.0, ""passed"": true}, ""min_support_actual"": {""value"": 765, ""threshold"": 50, ""passed"": true}, ""is_structurally_sound"": {""value"": false, ""passed"": false}, ""trade_path_quality_score"": {""value"": 1.972925466027123e-10, ""threshold"": 0.0, ""passed"": true}}, ""failures"": [""structural_soundness_fail: ""], ""warnings"": [], ""classification"": ""research""}",0.0,0.0,0.6822077579701958,production,production,False,False,0.1
(*)|(loc_dist_ema20_atr_ts_top60==0)|(reg_atr_change_rate_ts_band30_70==1&reg_atr_change_rate_ts_top20==1&reg_atr_change_rate_ts_top40==1&reg_atr_change_rate_ts_top50==0),*,loc_dist_ema20_atr_ts_top60==0,reg_atr_change_rate_ts_band30_70==1&reg_atr_change_rate_ts_top20==1&reg_atr_change_rate_ts_top40==1&reg_atr_change_rate_ts_top50==0,-0.3523834745089213,0.3523834745089213,0.03194279812826906,0.295670747756958,0.09599999999999999,0.030174799394834736,1.0,1.0,0.5193889541715628,765,,,-0.016592327309194188,-0.046500050897017545,-0.020678623068153053,0.01127224839914974,,0.3333333333333333,,,,0.11043558754619744,,-0.1551383399209486,0.03686859195491667,0.24789947891254047,1.972925466027123e-10,0.0001569639214888631,0.01,0.017172845425311053,0.01,0.01,0.011488634627312422,0.003933382912244223,0.003933382912244223,9.07569e-05,-0.3524742314089213,3,1,1,5,5,stage_a_context,,short,5-way,True,,production,production,,,-0.02805176752183125,0.9359999999999997,primary_target,0,ranking,research,"{""checks"": {""n_folds"": {""value"": 3, ""threshold"": 3, ""passed"": true}, ""healthy_fold_count"": {""value"": 3, ""threshold"": 2, ""passed"": true}, ""healthy_fold_ratio"": {""value"": 1.0, ""threshold"": 0.6666666666666666, ""passed"": true}, ""presence_freq"": {""value"": 1.0, ""threshold"": 0.75, ""passed"": true}, ""directional_mean_ret"": {""value"": 0.3523834745089213, ""threshold"": 0.0, ""passed"": true}, ""hurdle_excess"": {""value"": 0.35229271760892134, ""threshold"": 0.0, ""passed"": true}, ""min_support_actual"": {""value"": 765, ""threshold"": 50, ""passed"": true}, ""is_structurally_sound"": {""value"": false, ""passed"": false}, ""trade_path_quality_score"": {""value"": 1.972925466027123e-10, ""threshold"": 0.0, ""passed"": true}}, ""failures"": [""structural_soundness_fail: ""], ""warnings"": [], ""classification"": ""research""}",0.0,0.0,0.9335003579379391,production,production,False,False,0.1
(*)|(loc_dist_ema20_atr_ts_top60==0)|(reg_atr_change_rate_ts_bot30==0&reg_atr_change_rate_ts_top20==1&reg_atr_change_rate_ts_top40==1&reg_atr_change_rate_ts_top50==0),*,loc_dist_ema20_atr_ts_top60==0,reg_atr_change_rate_ts_bot30==0&reg_atr_change_rate_ts_top20==1&reg_atr_change_rate_ts_top40==1&reg_atr_change_rate_ts_top50==0,-0.3523834745089213,0.3523834745089213,0.03194279812826906,0.295670747756958,0.09599999999999999,0.030174799394834736,1.0,1.0,0.5193889541715628,765,,,-0.016592327309194188,-0.046500050897017545,-0.020678623068153053,0.01127224839914974,,0.3333333333333333,,,,0.11043558754619744,,-0.1551383399209486,0.03686859195491667,0.24789947891254047,1.972925466027123e-10,0.0001569639214888631,0.01,0.017172845425311053,0.01,0.01,0.011488634627312422,0.003933382912244223,0.003933382912244223,9.07569e-05,-0.3524742314089213,3,1,1,5,5,stage_a_context,,short,5-way,True,,production,production,,,-0.02805176752183125,0.9359999999999997,primary_target,0,ranking,research,"{""checks"": {""n_folds"": {""value"": 3, ""threshold"": 3, ""passed"": true}, ""healthy_fold_count"": {""value"": 3, ""threshold"": 2, ""passed"": true}, ""healthy_fold_ratio"": {""value"": 1.0, ""threshold"": 0.6666666666666666, ""passed"": true}, ""presence_freq"": {""value"": 1.0, ""threshold"": 0.75, ""passed"": true}, ""directional_mean_ret"": {""value"": 0.3523834745089213, ""threshold"": 0.0, ""passed"": true}, ""hurdle_excess"": {""value"": 0.35229271760892134, ""threshold"": 0.0, ""passed"": true}, ""min_support_actual"": {""value"": 765, ""threshold"": 50, ""passed"": true}, ""is_structurally_sound"": {""value"": false, ""passed"": false}, ""trade_path_quality_score"": {""value"": 1.972925466027123e-10, ""threshold"": 0.0, ""passed"": true}}, ""failures"": [""structural_soundness_fail: ""], ""warnings"": [], ""classification"": ""research""}",0.0,0.0,0.9293283277057343,production,production,False,False,0.1
(*)|(loc_dist_ema20_atr_ts_top60==0)|(reg_atr_change_rate_ts_bot50==1&reg_atr_change_rate_ts_top20==1&reg_atr_change_rate_ts_top30==1&reg_atr_change_rate_ts_top40==1),*,loc_dist_ema20_atr_ts_top60==0,reg_atr_change_rate_ts_bot50==1&reg_atr_change_rate_ts_top20==1&reg_atr_change_rate_ts_top30==1&reg_atr_change_rate_ts_top40==1,-0.3523834745089213,0.3523834745089213,0.03194279812826906,0.295670747756958,0.09599999999999999,0.030174799394834736,1.0,1.0,0.5193889541715628,765,,,-0.016592327309194188,-0.046500050897017545,-0.020678623068153053,0.01127224839914974,,0.3333333333333333,,,,0.11043558754619744,,-0.1551383399209486,0.03686859195491667,0.24789947891254047,1.972925466027123e-10,0.0001569639214888631,0.01,0.017172845425311053,0.01,0.01,0.011488634627312422,0.003933382912244223,0.003933382912244223,9.07569e-05,-0.3524742314089213,3,1,1,5,5,stage_a_context,,short,5-way,True,,production,production,,,-0.02805176752183125,0.9359999999999997,primary_target,0,ranking,research,"{""checks"": {""n_folds"": {""value"": 3, ""threshold"": 3, ""passed"": true}, ""healthy_fold_count"": {""value"": 3, ""threshold"": 2, ""passed"": true}, ""healthy_fold_ratio"": {""value"": 1.0, ""threshold"": 0.6666666666666666, ""passed"": true}, ""presence_freq"": {""value"": 1.0, ""threshold"": 0.75, ""passed"": true}, ""directional_mean_ret"": {""value"": 0.3523834745089213, ""threshold"": 0.0, ""passed"": true}, ""hurdle_excess"": {""value"": 0.35229271760892134, ""threshold"": 0.0, ""passed"": true}, ""min_support_actual"": {""value"": 765, ""threshold"": 50, ""passed"": true}, ""is_structurally_sound"": {""value"": false, ""passed"": false}, ""trade_path_quality_score"": {""value"": 1.972925466027123e-10, ""threshold"": 0.0, ""passed"": true}}, ""failures"": [""structural_soundness_fail: ""], ""warnings"": [], ""classification"": ""research""}",0.0,0.0,0.7019336494119485,production,production,False,False,0.1
(*)|(loc_dist_ema20_atr_ts_top60==0)|(reg_atr_change_rate_ts_top20==1&reg_atr_change_rate_ts_top30==1&reg_atr_change_rate_ts_top40==1&reg_atr_change_rate_ts_top50==0&reg_atr_change_rate_ts_top70==0),*,loc_dist_ema20_atr_ts_top60==0,reg_atr_change_rate_ts_top20==1&reg_atr_change_rate_ts_top30==1&reg_atr_change_rate_ts_top40==1&reg_atr_change_rate_ts_top50==0&reg_atr_change_rate_ts_top70==0,-0.3523834745089213,0.3523834745089213,0.03194279812826906,0.295670747756958,0.09599999999999999,0.030174799394834736,1.0,1.0,0.5193889541715628,765,,,-0.016592327309194188,-0.046500050897017545,-0.020678623068153053,0.01127224839914974,,0.3333333333333333,,,,0.11043558754619744,,-0.1551383399209486,0.03686859195491667,0.24789947891254047,1.972925466027123e-10,0.0001569639214888631,0.01,0.017172845425311053,0.01,0.01,0.011488634627312422,0.003933382912244223,0.003933382912244223,9.07569e-05,-0.3524742314089213,3,1,1,6,6,stage_a_context,,short,6-way,True,,production,production,,,-0.02805176752183125,0.9359999999999997,primary_target,0,ranking,research,"{""checks"": {""n_folds"": {""value"": 3, ""threshold"": 3, ""passed"": true}, ""healthy_fold_count"": {""value"": 3, ""threshold"": 2, ""passed"": true}, ""healthy_fold_ratio"": {""value"": 1.0, ""threshold"": 0.6666666666666666, ""passed"": true}, ""presence_freq"": {""value"": 1.0, ""threshold"": 0.75, ""passed"": true}, ""directional_mean_ret"": {""value"": 0.3523834745089213, ""threshold"": 0.0, ""passed"": true}, ""hurdle_excess"": {""value"": 0.35229271760892134, ""threshold"": 0.0, ""passed"": true}, ""min_support_actual"": {""value"": 765, ""threshold"": 50, ""passed"": true}, ""is_structurally_sound"": {""value"": false, ""passed"": false}, ""trade_path_quality_score"": {""value"": 1.972925466027123e-10, ""threshold"": 0.0, ""passed"": true}}, ""failures"": [""structural_soundness_fail: ""], ""warnings"": [], ""classification"": ""research""}",0.0,0.0,0.8143003268853339,production,production,False,False,0.1
(*)|(loc_dist_ema20_atr_ts_top60==0)|(reg_atr_change_rate_ts_top20==1&reg_atr_change_rate_ts_top40==1&reg_atr_change_rate_ts_top50==0&reg_atr_change_rate_ts_top70==0),*,loc_dist_ema20_atr_ts_top60==0,reg_atr_change_rate_ts_top20==1&reg_atr_change_rate_ts_top40==1&reg_atr_change_rate_ts_top50==0&reg_atr_change_rate_ts_top70==0,-0.3523834745089213,0.3523834745089213,0.03194279812826906,0.295670747756958,0.09599999999999999,0.030174799394834736,1.0,1.0,0.5193889541715628,765,,,-0.016592327309194188,-0.046500050897017545,-0.020678623068153053,0.01127224839914974,,0.3333333333333333,,,,0.11043558754619744,,-0.1551383399209486,0.03686859195491667,0.24789947891254047,1.972925466027123e-10,0.0001569639214888631,0.01,0.017172845425311053,0.01,0.01,0.011488634627312422,0.003933382912244223,0.003933382912244223,9.07569e-05,-0.3524742314089213,3,1,1,5,5,stage_a_context,,short,5-way,True,,production,production,,,-0.02805176752183125,0.9359999999999997,primary_target,0,ranking,research,"{""checks"": {""n_folds"": {""value"": 3, ""threshold"": 3, ""passed"": true}, ""healthy_fold_count"": {""value"": 3, ""threshold"": 2, ""passed"": true}, ""healthy_fold_ratio"": {""value"": 1.0, ""threshold"": 0.6666666666666666, ""passed"": true}, ""presence_freq"": {""value"": 1.0, ""threshold"": 0.75, ""passed"": true}, ""directional_mean_ret"": {""value"": 0.3523834745089213, ""threshold"": 0.0, ""passed"": true}, ""hurdle_excess"": {""value"": 0.35229271760892134, ""threshold"": 0.0, ""passed"": true}, ""min_support_actual"": {""value"": 765, ""threshold"": 50, ""passed"": true}, ""is_structurally_sound"": {""value"": false, ""passed"": false}, ""trade_path_quality_score"": {""value"": 1.972925466027123e-10, ""threshold"": 0.0, ""passed"": true}}, ""failures"": [""structural_soundness_fail: ""], ""warnings"": [], ""classification"": ""research""}",0.0,0.0,0.8199854771726279,production,production,False,False,0.1
(*)|(loc_dist_ema20_atr_ts_top60==0)|(reg_atr_change_rate_ts_top20==1&reg_atr_change_rate_ts_top40==1&reg_atr_change_rate_ts_top50==0&reg_atr_compression_ratio_ts_band30_70==1),*,loc_dist_ema20_atr_ts_top60==0,reg_atr_change_rate_ts_top20==1&reg_atr_change_rate_ts_top40==1&reg_atr_change_rate_ts_top50==0&reg_atr_compression_ratio_ts_band30_70==1,-0.3523834745089213,0.3523834745089213,0.03194279812826906,0.295670747756958,0.09599999999999999,0.030174799394834736,1.0,1.0,0.5193889541715628,765,,,-0.016592327309194188,-0.046500050897017545,-0.020678623068153053,0.01127224839914974,,0.3333333333333333,,,,0.11043558754619744,,-0.1551383399209486,0.03686859195491667,0.24789947891254047,1.972925466027123e-10,0.0001569639214888631,0.01,0.017172845425311053,0.01,0.01,0.011488634627312422,0.003933382912244223,0.003933382912244223,9.07569e-05,-0.3524742314089213,3,2,2,5,5,stage_a_context,,short,5-way,True,,production,production,,,-0.02805176752183125,0.9359999999999997,primary_target,0,ranking,research,"{""checks"": {""n_folds"": {""value"": 3, ""threshold"": 3, ""passed"": true}, ""healthy_fold_count"": {""value"": 3, ""threshold"": 2, ""passed"": true}, ""healthy_fold_ratio"": {""value"": 1.0, ""threshold"": 0.6666666666666666, ""passed"": true}, ""presence_freq"": {""value"": 1.0, ""threshold"": 0.75, ""passed"": true}, ""directional_mean_ret"": {""value"": 0.3523834745089213, ""threshold"": 0.0, ""passed"": true}, ""hurdle_excess"": {""value"": 0.35229271760892134, ""threshold"": 0.0, ""passed"": true}, ""min_support_actual"": {""value"": 765, ""threshold"": 50, ""passed"": true}, ""is_structurally_sound"": {""value"": false, ""passed"": false}, ""trade_path_quality_score"": {""value"": 1.972925466027123e-10, ""threshold"": 0.0, ""passed"": true}}, ""failures"": [""structural_soundness_fail: ""], ""warnings"": [], ""classification"": ""research""}",0.0,0.0,0.7083446698954263,production,production,False,False,0.1
(*)|(loc_dist_ema20_atr_ts_top70==0)|(reg_atr_change_rate_ts_band25_75==1&reg_atr_change_rate_ts_top20==1&reg_atr_change_rate_ts_top40==1&reg_atr_change_rate_ts_top50==0&reg_atr_change_rate_ts_top60==0),*,loc_dist_ema20_atr_ts_top70==0,reg_atr_change_rate_ts_band25_75==1&reg_atr_change_rate_ts_top20==1&reg_atr_change_rate_ts_top40==1&reg_atr_change_rate_ts_top50==0&reg_atr_change_rate_ts_top60==0,-0.3523834745089213,0.3523834745089213,0.03194279812826906,0.295670747756958,0.09599999999999999,0.030174799394834736,1.0,1.0,0.5193889541715628,765,,,-0.016592327309194188,-0.046500050897017545,-0.020678623068153053,0.01127224839914974,,0.3333333333333333,,,,0.11043558754619744,,-0.1551383399209486,0.03686859195491667,0.24789947891254047,1.972925466027123e-10,0.0001569639214888631,0.01,0.017172845425311053,0.01,0.01,0.011488634627312422,0.003933382912244223,0.003933382912244223,9.07569e-05,-0.3524742314089213,3,1,1,6,6,stage_a_context,,short,6-way,True,,production,production,,,-0.02805176752183125,0.9359999999999997,primary_target,0,ranking,research,"{""checks"": {""n_folds"": {""value"": 3, ""threshold"": 3, ""passed"": true}, ""healthy_fold_count"": {""value"": 3, ""threshold"": 2, ""passed"": true}, ""healthy_fold_ratio"": {""value"": 1.0, ""threshold"": 0.6666666666666666, ""passed"": true}, ""presence_freq"": {""value"": 1.0, ""threshold"": 0.75, ""passed"": true}, ""directional_mean_ret"": {""value"": 0.3523834745089213, ""threshold"": 0.0, ""passed"": true}, ""hurdle_excess"": {""value"": 0.35229271760892134, ""threshold"": 0.0, ""passed"": true}, ""min_support_actual"": {""value"": 765, ""threshold"": 50, ""passed"": true}, ""is_structurally_sound"": {""value"": false, ""passed"": false}, ""trade_path_quality_score"": {""value"": 1.972925466027123e-10, ""threshold"": 0.0, ""passed"": true}}, ""failures"": [""structural_soundness_fail: ""], ""warnings"": [], ""classification"": ""research""}",0.0,0.0,0.5065119316486747,production,production,False,False,0.1
(*)|(loc_dist_ema20_atr_ts_top70==0)|(reg_atr_change_rate_ts_top20==1&reg_atr_change_rate_ts_top30==1&reg_atr_change_rate_ts_top40==1&reg_atr_change_rate_ts_top50==0),*,loc_dist_ema20_atr_ts_top70==0,reg_atr_change_rate_ts_top20==1&reg_atr_change_rate_ts_top30==1&reg_atr_change_rate_ts_top40==1&reg_atr_change_rate_ts_top50==0,-0.3523834745089213,0.3523834745089213,0.03194279812826906,0.295670747756958,0.09599999999999999,0.030174799394834736,1.0,1.0,0.5193889541715628,765,,,-0.016592327309194188,-0.046500050897017545,-0.020678623068153053,0.01127224839914974,,0.3333333333333333,,,,0.11043558754619744,,-0.1551383399209486,0.03686859195491667,0.24789947891254047,1.972925466027123e-10,0.0001569639214888631,0.01,0.017172845425311053,0.01,0.01,0.011488634627312422,0.003933382912244223,0.003933382912244223,9.07569e-05,-0.3524742314089213,3,1,1,5,5,stage_a_context,,short,5-way,True,,production,production,,,-0.02805176752183125,0.9359999999999997,primary_target,0,ranking,research,"{""checks"": {""n_folds"": {""value"": 3, ""threshold"": 3, ""passed"": true}, ""healthy_fold_count"": {""value"": 3, ""threshold"": 2, ""passed"": true}, ""healthy_fold_ratio"": {""value"": 1.0, ""threshold"": 0.6666666666666666, ""passed"": true}, ""presence_freq"": {""value"": 1.0, ""threshold"": 0.75, ""passed"": true}, ""directional_mean_ret"": {""value"": 0.3523834745089213, ""threshold"": 0.0, ""passed"": true}, ""hurdle_excess"": {""value"": 0.35229271760892134, ""threshold"": 0.0, ""passed"": true}, ""min_support_actual"": {""value"": 765, ""threshold"": 50, ""passed"": true}, ""is_structurally_sound"": {""value"": false, ""passed"": false}, ""trade_path_quality_score"": {""value"": 1.972925466027123e-10, ""threshold"": 0.0, ""passed"": true}}, ""failures"": [""structural_soundness_fail: ""], ""warnings"": [], ""classification"": ""research""}",0.0,0.0,0.7625882356351112,production,production,False,False,0.1
(*)|(loc_dist_ema20_atr_ts_top70==0)|(reg_atr_change_rate_ts_top20==1&reg_atr_change_rate_ts_top40==1&reg_atr_change_rate_ts_top50==0),*,loc_dist_ema20_atr_ts_top70==0,reg_atr_change_rate_ts_top20==1&reg_atr_change_rate_ts_top40==1&reg_atr_change_rate_ts_top50==0,-0.3523834745089213,0.3523834745089213,0.03194279812826906,0.295670747756958,0.09599999999999999,0.030174799394834736,1.0,1.0,0.5193889541715628,765,,,-0.016592327309194188,-0.046500050897017545,-0.020678623068153053,0.01127224839914974,,0.3333333333333333,,,,0.11043558754619744,,-0.1551383399209486,0.03686859195491667,0.24789947891254047,1.972925466027123e-10,0.0001569639214888631,0.01,0.017172845425311053,0.01,0.01,0.011488634627312422,0.003933382912244223,0.003933382912244223,9.07569e-05,-0.3524742314089213,3,1,1,4,4,stage_a_context,,short,4-way,True,,production,production,,,-0.02805176752183125,0.9359999999999997,primary_target,0,ranking,research,"{""checks"": {""n_folds"": {""value"": 3, ""threshold"": 3, ""passed"": true}, ""healthy_fold_count"": {""value"": 3, ""threshold"": 2, ""passed"": true}, ""healthy_fold_ratio"": {""value"": 1.0, ""threshold"": 0.6666666666666666, ""passed"": true}, ""presence_freq"": {""value"": 1.0, ""threshold"": 0.75, ""passed"": true}, ""directional_mean_ret"": {""value"": 0.3523834745089213, ""threshold"": 0.0, ""passed"": true}, ""hurdle_excess"": {""value"": 0.35229271760892134, ""threshold"": 0.0, ""passed"": true}, ""min_support_actual"": {""value"": 765, ""threshold"": 50, ""passed"": true}, ""is_structurally_sound"": {""value"": false, ""passed"": false}, ""trade_path_quality_score"": {""value"": 1.972925466027123e-10, ""threshold"": 0.0, ""passed"": true}}, ""failures"": [""structural_soundness_fail: ""], ""warnings"": [], ""classification"": ""research""}",0.0,0.0,0.5424415894895295,production,production,False,False,0.1
(*)|(*)|(reg_atr_change_rate_ts_band25_75==1&reg_atr_change_rate_ts_top20==1&reg_atr_change_rate_ts_top40==1&reg_atr_change_rate_ts_top50==0&reg_atr_change_rate_ts_top60==0),*,*,reg_atr_change_rate_ts_band25_75==1&reg_atr_change_rate_ts_top20==1&reg_atr_change_rate_ts_top40==1&reg_atr_change_rate_ts_top50==0&reg_atr_change_rate_ts_top60==0,-0.3523834745089213,0.3523834745089213,0.03194279812826906,0.295670747756958,0.09599999999999999,0.030174799394834736,1.0,1.0,0.5193889541715628,765,,,-0.016592327309194188,-0.046500050897017545,-0.020678623068153053,0.01127224839914974,,0.3333333333333333,,,,0.11043558754619744,,-0.1551383399209486,0.03686859195491667,0.24789947891254047,1.972925466027123e-10,0.0001569639214888631,0.01,0.017172845425311053,0.01,0.01,0.011488634627312422,0.003933382912244223,0.003933382912244223,9.07569e-05,-0.3524742314089213,3,1,1,5,5,stage_a_context,,short,5-way,True,,production,production,,,-0.02805176752183125,0.9359999999999997,primary_target,0,ranking,research,"{""checks"": {""n_folds"": {""value"": 3, ""threshold"": 3, ""passed"": true}, ""healthy_fold_count"": {""value"": 3, ""threshold"": 2, ""passed"": true}, ""healthy_fold_ratio"": {""value"": 1.0, ""threshold"": 0.6666666666666666, ""passed"": true}, ""presence_freq"": {""value"": 1.0, ""threshold"": 0.75, ""passed"": true}, ""directional_mean_ret"": {""value"": 0.3523834745089213, ""threshold"": 0.0, ""passed"": true}, ""hurdle_excess"": {""value"": 0.35229271760892134, ""threshold"": 0.0, ""passed"": true}, ""min_support_actual"": {""value"": 765, ""threshold"": 50, ""passed"": true}, ""is_structurally_sound"": {""value"": false, ""passed"": false}, ""trade_path_quality_score"": {""value"": 1.972925466027123e-10, ""threshold"": 0.0, ""passed"": true}}, ""failures"": [""structural_soundness_fail: ""], ""warnings"": [], ""classification"": ""research""}",0.0,0.0,0.2791727125774044,production,production,False,False,0.1
(*)|(loc_dist_ema20_atr_ts_top40==1)|(reg_atr_change_rate_ts_top20==1&reg_atr_change_rate_ts_top50==0&reg_atr_change_rate_ts_top60==0),*,loc_dist_ema20_atr_ts_top40==1,reg_atr_change_rate_ts_top20==1&reg_atr_change_rate_ts_top50==0&reg_atr_change_rate_ts_top60==0,-0.3523834745089213,0.3523834745089213,0.03194279812826906,0.295670747756958,0.09599999999999999,0.030174799394834736,1.0,1.0,0.5193889541715628,765,,,-0.016592327309194188,-0.046500050897017545,-0.020678623068153053,0.01127224839914974,,0.3333333333333333,,,,0.11043558754619744,,-0.1551383399209486,0.03686859195491667,0.24789947891254047,1.972925466027123e-10,0.0001569639214888631,0.01,0.017172845425311053,0.01,0.01,0.011488634627312422,0.003933382912244223,0.003933382912244223,9.07569e-05,-0.3524742314089213,3,1,1,4,4,stage_a_context,,short,4-way,True,,production,production,,,-0.02805176752183125,0.9359999999999997,primary_target,0,ranking,research,"{""checks"": {""n_folds"": {""value"": 3, ""threshold"": 3, ""passed"": true}, ""healthy_fold_count"": {""value"": 3, ""threshold"": 2, ""passed"": true}, ""healthy_fold_ratio"": {""value"": 1.0, ""threshold"": 0.6666666666666666, ""passed"": true}, ""presence_freq"": {""value"": 1.0, ""threshold"": 0.75, ""passed"": true}, ""directional_mean_ret"": {""value"": 0.3523834745089213, ""threshold"": 0.0, ""passed"": true}, ""hurdle_excess"": {""value"": 0.35229271760892134, ""threshold"": 0.0, ""passed"": true}, ""min_support_actual"": {""value"": 765, ""threshold"": 50, ""passed"": true}, ""is_structurally_sound"": {""value"": false, ""passed"": false}, ""trade_path_quality_score"": {""value"": 1.972925466027123e-10, ""threshold"": 0.0, ""passed"": true}}, ""failures"": [""structural_soundness_fail: ""], ""warnings"": [], ""classification"": ""research""}",0.0,0.0,0.699638542977585,production,production,False,False,0.1
(*)|(loc_dist_ema20_atr_ts_top40==1)|(reg_atr_change_rate_ts_bot30==0&reg_atr_change_rate_ts_top20==1&reg_atr_change_rate_ts_top50==0&reg_atr_change_rate_ts_top60==0),*,loc_dist_ema20_atr_ts_top40==1,reg_atr_change_rate_ts_bot30==0&reg_atr_change_rate_ts_top20==1&reg_atr_change_rate_ts_top50==0&reg_atr_change_rate_ts_top60==0,-0.3523834745089213,0.3523834745089213,0.03194279812826906,0.295670747756958,0.09599999999999999,0.030174799394834736,1.0,1.0,0.5193889541715628,765,,,-0.016592327309194188,-0.046500050897017545,-0.020678623068153053,0.01127224839914974,,0.3333333333333333,,,,0.11043558754619744,,-0.1551383399209486,0.03686859195491667,0.24789947891254047,1.972925466027123e-10,0.0001569639214888631,0.01,0.017172845425311053,0.01,0.01,0.011488634627312422,0.003933382912244223,0.003933382912244223,9.07569e-05,-0.3524742314089213,3,1,1,5,5,stage_a_context,,short,5-way,True,,production,production,,,-0.02805176752183125,0.9359999999999997,primary_target,0,ranking,research,"{""checks"": {""n_folds"": {""value"": 3, ""threshold"": 3, ""passed"": true}, ""healthy_fold_count"": {""value"": 3, ""threshold"": 2, ""passed"": true}, ""healthy_fold_ratio"": {""value"": 1.0, ""threshold"": 0.6666666666666666, ""passed"": true}, ""presence_freq"": {""value"": 1.0, ""threshold"": 0.75, ""passed"": true}, ""directional_mean_ret"": {""value"": 0.3523834745089213, ""threshold"": 0.0, ""passed"": true}, ""hurdle_excess"": {""value"": 0.35229271760892134, ""threshold"": 0.0, ""passed"": true}, ""min_support_actual"": {""value"": 765, ""threshold"": 50, ""passed"": true}, ""is_structurally_sound"": {""value"": false, ""passed"": false}, ""trade_path_quality_score"": {""value"": 1.972925466027123e-10, ""threshold"": 0.0, ""passed"": true}}, ""failures"": [""structural_soundness_fail: ""], ""warnings"": [], ""classification"": ""research""}",0.0,0.0,0.6009813957055941,production,production,False,False,0.1
(*)|(loc_dist_ema20_atr_ts_top40==1)|(reg_atr_change_rate_ts_bot30==0&reg_atr_change_rate_ts_top20==1&reg_atr_change_rate_ts_top50==0&reg_atr_change_rate_ts_top60==0&reg_atr_change_rate_ts_top70==0),*,loc_dist_ema20_atr_ts_top40==1,reg_atr_change_rate_ts_bot30==0&reg_atr_change_rate_ts_top20==1&reg_atr_change_rate_ts_top50==0&reg_atr_change_rate_ts_top60==0&reg_atr_change_rate_ts_top70==0,-0.3523834745089213,0.3523834745089213,0.03194279812826906,0.295670747756958,0.09599999999999999,0.030174799394834736,1.0,1.0,0.5193889541715628,765,,,-0.016592327309194188,-0.046500050897017545,-0.020678623068153053,0.01127224839914974,,0.3333333333333333,,,,0.11043558754619744,,-0.1551383399209486,0.03686859195491667,0.24789947891254047,1.972925466027123e-10,0.0001569639214888631,0.01,0.017172845425311053,0.01,0.01,0.011488634627312422,0.003933382912244223,0.003933382912244223,9.07569e-05,-0.3524742314089213,3,1,1,6,6,stage_a_context,,short,6-way,True,,production,production,,,-0.02805176752183125,0.9359999999999997,primary_target,0,ranking,research,"{""checks"": {""n_folds"": {""value"": 3, ""threshold"": 3, ""passed"": true}, ""healthy_fold_count"": {""value"": 3, ""threshold"": 2, ""passed"": true}, ""healthy_fold_ratio"": {""value"": 1.0, ""threshold"": 0.6666666666666666, ""passed"": true}, ""presence_freq"": {""value"": 1.0, ""threshold"": 0.75, ""passed"": true}, ""directional_mean_ret"": {""value"": 0.3523834745089213, ""threshold"": 0.0, ""passed"": true}, ""hurdle_excess"": {""value"": 0.35229271760892134, ""threshold"": 0.0, ""passed"": true}, ""min_support_actual"": {""value"": 765, ""threshold"": 50, ""passed"": true}, ""is_structurally_sound"": {""value"": false, ""passed"": false}, ""trade_path_quality_score"": {""value"": 1.972925466027123e-10, ""threshold"": 0.0, ""passed"": true}}, ""failures"": [""structural_soundness_fail: ""], ""warnings"": [], ""classification"": ""research""}",0.0,0.0,0.6853672676470584,production,production,False,False,0.1
(*)|(loc_dist_ema20_atr_ts_top20==1)|(reg_atr_change_rate_ts_bot30==0&reg_atr_change_rate_ts_bot40==0&reg_atr_change_rate_ts_top50==0&reg_atr_change_rate_ts_top60==0&reg_atr_change_rate_ts_top70==0),*,loc_dist_ema20_atr_ts_top20==1,reg_atr_change_rate_ts_bot30==0&reg_atr_change_rate_ts_bot40==0&reg_atr_change_rate_ts_top50==0&reg_atr_change_rate_ts_top60==0&reg_atr_change_rate_ts_top70==0,-0.3523834745089213,0.3523834745089213,0.03194279812826906,0.295670747756958,0.09599999999999999,0.030174799394834736,1.0,1.0,0.5193889541715628,765,,,-0.016592327309194188,-0.046500050897017545,-0.020678623068153053,0.01127224839914974,,0.3333333333333333,,,,0.11043558754619744,,-0.1551383399209486,0.03686859195491667,0.24789947891254047,1.972925466027123e-10,0.0001569639214888631,0.01,0.017172845425311053,0.01,0.01,0.011488634627312422,0.003933382912244223,0.003933382912244223,9.07569e-05,-0.3524742314089213,3,1,1,6,6,stage_a_context,,short,6-way,True,,production,production,,,-0.02805176752183125,0.9359999999999997,primary_target,0,ranking,research,"{""checks"": {""n_folds"": {""value"": 3, ""threshold"": 3, ""passed"": true}, ""healthy_fold_count"": {""value"": 3, ""threshold"": 2, ""passed"": true}, ""healthy_fold_ratio"": {""value"": 1.0, ""threshold"": 0.6666666666666666, ""passed"": true}, ""presence_freq"": {""value"": 1.0, ""threshold"": 0.75, ""passed"": true}, ""directional_mean_ret"": {""value"": 0.3523834745089213, ""threshold"": 0.0, ""passed"": true}, ""hurdle_excess"": {""value"": 0.35229271760892134, ""threshold"": 0.0, ""passed"": true}, ""min_support_actual"": {""value"": 765, ""threshold"": 50, ""passed"": true}, ""is_structurally_sound"": {""value"": false, ""passed"": false}, ""trade_path_quality_score"": {""value"": 1.972925466027123e-10, ""threshold"": 0.0, ""passed"": true}}, ""failures"": [""structural_soundness_fail: ""], ""warnings"": [], ""classification"": ""research""}",0.0,0.0,0.574319824756163,production,production,False,False,0.1
(*)|(loc_dist_ema20_atr_ts_top20==1&loc_dist_ema20_atr_ts_top50==0)|(reg_atr_change_rate_ts_band30_70==1&reg_atr_change_rate_ts_top40==1&reg_atr_change_rate_ts_top60==0),*,loc_dist_ema20_atr_ts_top20==1&loc_dist_ema20_atr_ts_top50==0,reg_atr_change_rate_ts_band30_70==1&reg_atr_change_rate_ts_top40==1&reg_atr_change_rate_ts_top60==0,-0.3523834745089213,0.3523834745089213,0.03194279812826906,0.295670747756958,0.09599999999999999,0.030174799394834736,1.0,1.0,0.5193889541715628,765,,,-0.016592327309194188,-0.046500050897017545,-0.020678623068153053,0.01127224839914974,,0.3333333333333333,,,,0.11043558754619744,,-0.1551383399209486,0.03686859195491667,0.24789947891254047,1.972925466027123e-10,0.0001569639214888631,0.01,0.017172845425311053,0.01,0.01,0.011488634627312422,0.003933382912244223,0.003933382912244223,9.07569e-05,-0.3524742314089213,3,1,1,5,5,stage_a_context,,short,5-way,True,,production,production,,,-0.02805176752183125,0.9359999999999997,primary_target,0,ranking,research,"{""checks"": {""n_folds"": {""value"": 3, ""threshold"": 3, ""passed"": true}, ""healthy_fold_count"": {""value"": 3, ""threshold"": 2, ""passed"": true}, ""healthy_fold_ratio"": {""value"": 1.0, ""threshold"": 0.6666666666666666, ""passed"": true}, ""presence_freq"": {""value"": 1.0, ""threshold"": 0.75, ""passed"": true}, ""directional_mean_ret"": {""value"": 0.3523834745089213, ""threshold"": 0.0, ""passed"": true}, ""hurdle_excess"": {""value"": 0.35229271760892134, ""threshold"": 0.0, ""passed"": true}, ""min_support_actual"": {""value"": 765, ""threshold"": 50, ""passed"": true}, ""is_structurally_sound"": {""value"": false, ""passed"": false}, ""trade_path_quality_score"": {""value"": 1.972925466027123e-10, ""threshold"": 0.0, ""passed"": true}}, ""failures"": [""structural_soundness_fail: ""], ""warnings"": [], ""classification"": ""research""}",0.0,0.0,0.47898209901480365,production,production,False,False,0.1
(*)|(loc_dist_ema20_atr_ts_top20==1&loc_dist_ema20_atr_ts_top50==0)|(reg_atr_change_rate_ts_top30==1&reg_atr_change_rate_ts_top40==1&reg_atr_change_rate_ts_top60==0),*,loc_dist_ema20_atr_ts_top20==1&loc_dist_ema20_atr_ts_top50==0,reg_atr_change_rate_ts_top30==1&reg_atr_change_rate_ts_top40==1&reg_atr_change_rate_ts_top60==0,-0.3523834745089213,0.3523834745089213,0.03194279812826906,0.295670747756958,0.09599999999999999,0.030174799394834736,1.0,1.0,0.5193889541715628,765,,,-0.016592327309194188,-0.046500050897017545,-0.020678623068153053,0.01127224839914974,,0.3333333333333333,,,,0.11043558754619744,,-0.1551383399209486,0.03686859195491667,0.24789947891254047,1.972925466027123e-10,0.0001569639214888631,0.01,0.017172845425311053,0.01,0.01,0.011488634627312422,0.003933382912244223,0.003933382912244223,9.07569e-05,-0.3524742314089213,3,1,1,5,5,stage_a_context,,short,5-way,True,,production,production,,,-0.02805176752183125,0.9359999999999997,primary_target,0,ranking,research,"{""checks"": {""n_folds"": {""value"": 3, ""threshold"": 3, ""passed"": true}, ""healthy_fold_count"": {""value"": 3, ""threshold"": 2, ""passed"": true}, ""healthy_fold_ratio"": {""value"": 1.0, ""threshold"": 0.6666666666666666, ""passed"": true}, ""presence_freq"": {""value"": 1.0, ""threshold"": 0.75, ""passed"": true}, ""directional_mean_ret"": {""value"": 0.3523834745089213, ""threshold"": 0.0, ""passed"": true}, ""hurdle_excess"": {""value"": 0.35229271760892134, ""threshold"": 0.0, ""passed"": true}, ""min_support_actual"": {""value"": 765, ""threshold"": 50, ""passed"": true}, ""is_structurally_sound"": {""value"": false, ""passed"": false}, ""trade_path_quality_score"": {""value"": 1.972925466027123e-10, ""threshold"": 0.0, ""passed"": true}}, ""failures"": [""structural_soundness_fail: ""], ""warnings"": [], ""classification"": ""research""}",0.0,0.0,0.3951327006856268,production,production,False,False,0.1
(*)|(loc_dist_ema20_atr_ts_top20==1&loc_dist_ema20_atr_ts_top50==0)|(reg_atr_change_rate_ts_top30==1&reg_atr_change_rate_ts_top40==1&reg_atr_change_rate_ts_top70==0),*,loc_dist_ema20_atr_ts_top20==1&loc_dist_ema20_atr_ts_top50==0,reg_atr_change_rate_ts_top30==1&reg_atr_change_rate_ts_top40==1&reg_atr_change_rate_ts_top70==0,-0.3523834745089213,0.3523834745089213,0.03194279812826906,0.295670747756958,0.09599999999999999,0.030174799394834736,1.0,1.0,0.5193889541715628,765,,,-0.016592327309194188,-0.046500050897017545,-0.020678623068153053,0.01127224839914974,,0.3333333333333333,,,,0.11043558754619744,,-0.1551383399209486,0.03686859195491667,0.24789947891254047,1.972925466027123e-10,0.0001569639214888631,0.01,0.017172845425311053,0.01,0.01,0.011488634627312422,0.003933382912244223,0.003933382912244223,9.07569e-05,-0.3524742314089213,3,1,1,5,5,stage_a_context,,short,5-way,True,,production,production,,,-0.02805176752183125,0.9359999999999997,primary_target,0,ranking,research,"{""checks"": {""n_folds"": {""value"": 3, ""threshold"": 3, ""passed"": true}, ""healthy_fold_count"": {""value"": 3, ""threshold"": 2, ""passed"": true}, ""healthy_fold_ratio"": {""value"": 1.0, ""threshold"": 0.6666666666666666, ""passed"": true}, ""presence_freq"": {""value"": 1.0, ""threshold"": 0.75, ""passed"": true}, ""directional_mean_ret"": {""value"": 0.3523834745089213, ""threshold"": 0.0, ""passed"": true}, ""hurdle_excess"": {""value"": 0.35229271760892134, ""threshold"": 0.0, ""passed"": true}, ""min_support_actual"": {""value"": 765, ""threshold"": 50, ""passed"": true}, ""is_structurally_sound"": {""value"": false, ""passed"": false}, ""trade_path_quality_score"": {""value"": 1.972925466027123e-10, ""threshold"": 0.0, ""passed"": true}}, ""failures"": [""structural_soundness_fail: ""], ""warnings"": [], ""classification"": ""research""}",0.0,0.0,0.6907493094338192,production,production,False,False,0.1
(*)|(loc_dist_ema20_atr_ts_top20==1&loc_dist_ema20_atr_ts_top50==0)|(reg_atr_change_rate_ts_top30==1&reg_atr_change_rate_ts_top40==1),*,loc_dist_ema20_atr_ts_top20==1&loc_dist_ema20_atr_ts_top50==0,reg_atr_change_rate_ts_top30==1&reg_atr_change_rate_ts_top40==1,-0.3523834745089213,0.3523834745089213,0.03194279812826906,0.295670747756958,0.09599999999999999,0.030174799394834736,1.0,1.0,0.5193889541715628,765,,,-0.016592327309194188,-0.046500050897017545,-0.020678623068153053,0.01127224839914974,,0.3333333333333333,,,,0.11043558754619744,,-0.1551383399209486,0.03686859195491667,0.24789947891254047,1.972925466027123e-10,0.0001569639214888631,0.01,0.017172845425311053,0.01,0.01,0.011488634627312422,0.003933382912244223,0.003933382912244223,9.07569e-05,-0.3524742314089213,3,1,1,4,4,stage_a_context,,short,4-way,True,,production,production,,,-0.02805176752183125,0.9359999999999997,primary_target,0,ranking,research,"{""checks"": {""n_folds"": {""value"": 3, ""threshold"": 3, ""passed"": true}, ""healthy_fold_count"": {""value"": 3, ""threshold"": 2, ""passed"": true}, ""healthy_fold_ratio"": {""value"": 1.0, ""threshold"": 0.6666666666666666, ""passed"": true}, ""presence_freq"": {""value"": 1.0, ""threshold"": 0.75, ""passed"": true}, ""directional_mean_ret"": {""value"": 0.3523834745089213, ""threshold"": 0.0, ""passed"": true}, ""hurdle_excess"": {""value"": 0.35229271760892134, ""threshold"": 0.0, ""passed"": true}, ""min_support_actual"": {""value"": 765, ""threshold"": 50, ""passed"": true}, ""is_structurally_sound"": {""value"": false, ""passed"": false}, ""trade_path_quality_score"": {""value"": 1.972925466027123e-10, ""threshold"": 0.0, ""passed"": true}}, ""failures"": [""structural_soundness_fail: ""], ""warnings"": [], ""classification"": ""research""}",0.0,0.0,0.4201575056051317,production,production,False,False,0.1
(*)|(loc_dist_ema20_atr_ts_top20==1&loc_dist_ema20_atr_ts_top80==0)|(reg_atr_change_rate_ts_band25_75==1&reg_atr_change_rate_ts_top40==1&reg_atr_change_rate_ts_top50==0),*,loc_dist_ema20_atr_ts_top20==1&loc_dist_ema20_atr_ts_top80==0,reg_atr_change_rate_ts_band25_75==1&reg_atr_change_rate_ts_top40==1&reg_atr_change_rate_ts_top50==0,-0.3523834745089213,0.3523834745089213,0.03194279812826906,0.295670747756958,0.09599999999999999,0.030174799394834736,1.0,1.0,0.5193889541715628,765,,,-0.016592327309194188,-0.046500050897017545,-0.020678623068153053,0.01127224839914974,,0.3333333333333333,,,,0.11043558754619744,,-0.1551383399209486,0.03686859195491667,0.24789947891254047,1.972925466027123e-10,0.0001569639214888631,0.01,0.017172845425311053,0.01,0.01,0.011488634627312422,0.003933382912244223,0.003933382912244223,9.07569e-05,-0.3524742314089213,3,1,1,5,5,stage_a_context,,short,5-way,True,,production,production,,,-0.02805176752183125,0.9359999999999997,primary_target,0,ranking,research,"{""checks"": {""n_folds"": {""value"": 3, ""threshold"": 3, ""passed"": true}, ""healthy_fold_count"": {""value"": 3, ""threshold"": 2, ""passed"": true}, ""healthy_fold_ratio"": {""value"": 1.0, ""threshold"": 0.6666666666666666, ""passed"": true}, ""presence_freq"": {""value"": 1.0, ""threshold"": 0.75, ""passed"": true}, ""directional_mean_ret"": {""value"": 0.3523834745089213, ""threshold"": 0.0, ""passed"": true}, ""hurdle_excess"": {""value"": 0.35229271760892134, ""threshold"": 0.0, ""passed"": true}, ""min_support_actual"": {""value"": 765, ""threshold"": 50, ""passed"": true}, ""is_structurally_sound"": {""value"": false, ""passed"": false}, ""trade_path_quality_score"": {""value"": 1.972925466027123e-10, ""threshold"": 0.0, ""passed"": true}}, ""failures"": [""structural_soundness_fail: ""], ""warnings"": [], ""classification"": ""research""}",0.0,0.0,0.6856286631503747,production,production,False,False,0.1
(*)|(loc_dist_ema20_atr_ts_top20==1)|(reg_atr_change_rate_ts_band25_75==1&reg_atr_change_rate_ts_bot40==0&reg_atr_change_rate_ts_top50==0&reg_atr_change_rate_ts_top60==0&reg_atr_change_rate_ts_top70==0),*,loc_dist_ema20_atr_ts_top20==1,reg_atr_change_rate_ts_band25_75==1&reg_atr_change_rate_ts_bot40==0&reg_atr_change_rate_ts_top50==0&reg_atr_change_rate_ts_top60==0&reg_atr_change_rate_ts_top70==0,-0.3523834745089213,0.3523834745089213,0.03194279812826906,0.295670747756958,0.09599999999999999,0.030174799394834736,1.0,1.0,0.5193889541715628,765,,,-0.016592327309194188,-0.046500050897017545,-0.020678623068153053,0.01127224839914974,,0.3333333333333333,,,,0.11043558754619744,,-0.1551383399209486,0.03686859195491667,0.24789947891254047,1.972925466027123e-10,0.0001569639214888631,0.01,0.017172845425311053,0.01,0.01,0.011488634627312422,0.003933382912244223,0.003933382912244223,9.07569e-05,-0.3524742314089213,3,1,1,6,6,stage_a_context,,short,6-way,True,,production,production,,,-0.02805176752183125,0.9359999999999997,primary_target,0,ranking,research,"{""checks"": {""n_folds"": {""value"": 3, ""threshold"": 3, ""passed"": true}, ""healthy_fold_count"": {""value"": 3, ""threshold"": 2, ""passed"": true}, ""healthy_fold_ratio"": {""value"": 1.0, ""threshold"": 0.6666666666666666, ""passed"": true}, ""presence_freq"": {""value"": 1.0, ""threshold"": 0.75, ""passed"": true}, ""directional_mean_ret"": {""value"": 0.3523834745089213, ""threshold"": 0.0, ""passed"": true}, ""hurdle_excess"": {""value"": 0.35229271760892134, ""threshold"": 0.0, ""passed"": true}, ""min_support_actual"": {""value"": 765, ""threshold"": 50, ""passed"": true}, ""is_structurally_sound"": {""value"": false, ""passed"": false}, ""trade_path_quality_score"": {""value"": 1.972925466027123e-10, ""threshold"": 0.0, ""passed"": true}}, ""failures"": [""structural_soundness_fail: ""], ""warnings"": [], ""classification"": ""research""}",0.0,0.0,0.5473736458381254,production,production,False,False,0.1
(*)|(loc_dist_ema20_atr_ts_top20==1)|(reg_atr_change_rate_ts_band40_60==1&reg_atr_change_rate_ts_bot30==0&reg_atr_change_rate_ts_top50==0),*,loc_dist_ema20_atr_ts_top20==1,reg_atr_change_rate_ts_band40_60==1&reg_atr_change_rate_ts_bot30==0&reg_atr_change_rate_ts_top50==0,-0.3523834745089213,0.3523834745089213,0.03194279812826906,0.295670747756958,0.09599999999999999,0.030174799394834736,1.0,1.0,0.5193889541715628,765,,,-0.016592327309194188,-0.046500050897017545,-0.020678623068153053,0.01127224839914974,,0.3333333333333333,,,,0.11043558754619744,,-0.1551383399209486,0.03686859195491667,0.24789947891254047,1.972925466027123e-10,0.0001569639214888631,0.01,0.017172845425311053,0.01,0.01,0.011488634627312422,0.003933382912244223,0.003933382912244223,9.07569e-05,-0.3524742314089213,3,1,1,4,4,stage_a_context,,short,4-way,True,,production,production,,,-0.02805176752183125,0.9359999999999997,primary_target,0,ranking,research,"{""checks"": {""n_folds"": {""value"": 3, ""threshold"": 3, ""passed"": true}, ""healthy_fold_count"": {""value"": 3, ""threshold"": 2, ""passed"": true}, ""healthy_fold_ratio"": {""value"": 1.0, ""threshold"": 0.6666666666666666, ""passed"": true}, ""presence_freq"": {""value"": 1.0, ""threshold"": 0.75, ""passed"": true}, ""directional_mean_ret"": {""value"": 0.3523834745089213, ""threshold"": 0.0, ""passed"": true}, ""hurdle_excess"": {""value"": 0.35229271760892134, ""threshold"": 0.0, ""passed"": true}, ""min_support_actual"": {""value"": 765, ""threshold"": 50, ""passed"": true}, ""is_structurally_sound"": {""value"": false, ""passed"": false}, ""trade_path_quality_score"": {""value"": 1.972925466027123e-10, ""threshold"": 0.0, ""passed"": true}}, ""failures"": [""structural_soundness_fail: ""], ""warnings"": [], ""classification"": ""research""}",0.0,0.0,0.4979586653176983,production,production,False,False,0.1
(*)|(loc_dist_ema20_atr_ts_top20==1)|(reg_atr_change_rate_ts_top40==1&reg_atr_change_rate_ts_top50==0&reg_atr_change_rate_ts_top60==0&reg_atr_change_rate_ts_top70==0),*,loc_dist_ema20_atr_ts_top20==1,reg_atr_change_rate_ts_top40==1&reg_atr_change_rate_ts_top50==0&reg_atr_change_rate_ts_top60==0&reg_atr_change_rate_ts_top70==0,-0.3523834745089213,0.3523834745089213,0.03194279812826906,0.295670747756958,0.09599999999999999,0.030174799394834736,1.0,1.0,0.5193889541715628,765,,,-0.016592327309194188,-0.046500050897017545,-0.020678623068153053,0.01127224839914974,,0.3333333333333333,,,,0.11043558754619744,,-0.1551383399209486,0.03686859195491667,0.24789947891254047,1.972925466027123e-10,0.0001569639214888631,0.01,0.017172845425311053,0.01,0.01,0.011488634627312422,0.003933382912244223,0.003933382912244223,9.07569e-05,-0.3524742314089213,3,1,1,5,5,stage_a_context,,short,5-way,True,,production,production,,,-0.02805176752183125,0.9359999999999997,primary_target,0,ranking,research,"{""checks"": {""n_folds"": {""value"": 3, ""threshold"": 3, ""passed"": true}, ""healthy_fold_count"": {""value"": 3, ""threshold"": 2, ""passed"": true}, ""healthy_fold_ratio"": {""value"": 1.0, ""threshold"": 0.6666666666666666, ""passed"": true}, ""presence_freq"": {""value"": 1.0, ""threshold"": 0.75, ""passed"": true}, ""directional_mean_ret"": {""value"": 0.3523834745089213, ""threshold"": 0.0, ""passed"": true}, ""hurdle_excess"": {""value"": 0.35229271760892134, ""threshold"": 0.0, ""passed"": true}, ""min_support_actual"": {""value"": 765, ""threshold"": 50, ""passed"": true}, ""is_structurally_sound"": {""value"": false, ""passed"": false}, ""trade_path_quality_score"": {""value"": 1.972925466027123e-10, ""threshold"": 0.0, ""passed"": true}}, ""failures"": [""structural_soundness_fail: ""], ""warnings"": [], ""classification"": ""research""}",0.0,0.0,0.46164658470017605,production,production,False,False,0.1
(*)|(loc_dist_ema20_atr_ts_top40==1)|(reg_atr_change_rate_ts_band30_70==1&reg_atr_change_rate_ts_top20==1&reg_atr_change_rate_ts_top50==0),*,loc_dist_ema20_atr_ts_top40==1,reg_atr_change_rate_ts_band30_70==1&reg_atr_change_rate_ts_top20==1&reg_atr_change_rate_ts_top50==0,-0.3523834745089213,0.3523834745089213,0.03194279812826906,0.295670747756958,0.09599999999999999,0.030174799394834736,1.0,1.0,0.5193889541715628,765,,,-0.016592327309194188,-0.046500050897017545,-0.020678623068153053,0.01127224839914974,,0.3333333333333333,,,,0.11043558754619744,,-0.1551383399209486,0.03686859195491667,0.24789947891254047,1.972925466027123e-10,0.0001569639214888631,0.01,0.017172845425311053,0.01,0.01,0.011488634627312422,0.003933382912244223,0.003933382912244223,9.07569e-05,-0.3524742314089213,3,1,1,4,4,stage_a_context,,short,4-way,True,,production,production,,,-0.02805176752183125,0.9359999999999997,primary_target,0,ranking,research,"{""checks"": {""n_folds"": {""value"": 3, ""threshold"": 3, ""passed"": true}, ""healthy_fold_count"": {""value"": 3, ""threshold"": 2, ""passed"": true}, ""healthy_fold_ratio"": {""value"": 1.0, ""threshold"": 0.6666666666666666, ""passed"": true}, ""presence_freq"": {""value"": 1.0, ""threshold"": 0.75, ""passed"": true}, ""directional_mean_ret"": {""value"": 0.3523834745089213, ""threshold"": 0.0, ""passed"": true}, ""hurdle_excess"": {""value"": 0.35229271760892134, ""threshold"": 0.0, ""passed"": true}, ""min_support_actual"": {""value"": 765, ""threshold"": 50, ""passed"": true}, ""is_structurally_sound"": {""value"": false, ""passed"": false}, ""trade_path_quality_score"": {""value"": 1.972925466027123e-10, ""threshold"": 0.0, ""passed"": true}}, ""failures"": [""structural_soundness_fail: ""], ""warnings"": [], ""classification"": ""research""}",0.0,0.0,0.6716824264075468,production,production,False,False,0.1
(*)|(loc_dist_ema20_atr_ts_top20==1)|(reg_atr_change_rate_ts_top40==1&reg_atr_change_rate_ts_top50==0&reg_atr_change_rate_ts_top60==0),*,loc_dist_ema20_atr_ts_top20==1,reg_atr_change_rate_ts_top40==1&reg_atr_change_rate_ts_top50==0&reg_atr_change_rate_ts_top60==0,-0.3523834745089213,0.3523834745089213,0.03194279812826906,0.295670747756958,0.09599999999999999,0.030174799394834736,1.0,1.0,0.5193889541715628,765,,,-0.016592327309194188,-0.046500050897017545,-0.020678623068153053,0.01127224839914974,,0.3333333333333333,,,,0.11043558754619744,,-0.1551383399209486,0.03686859195491667,0.24789947891254047,1.972925466027123e-10,0.0001569639214888631,0.01,0.017172845425311053,0.01,0.01,0.011488634627312422,0.003933382912244223,0.003933382912244223,9.07569e-05,-0.3524742314089213,3,2,2,4,4,stage_a_context,,short,4-way,True,,production,production,,,-0.02805176752183125,0.9359999999999997,primary_target,0,ranking,research,"{""checks"": {""n_folds"": {""value"": 3, ""threshold"": 3, ""passed"": true}, ""healthy_fold_count"": {""value"": 3, ""threshold"": 2, ""passed"": true}, ""healthy_fold_ratio"": {""value"": 1.0, ""threshold"": 0.6666666666666666, ""passed"": true}, ""presence_freq"": {""value"": 1.0, ""threshold"": 0.75, ""passed"": true}, ""directional_mean_ret"": {""value"": 0.3523834745089213, ""threshold"": 0.0, ""passed"": true}, ""hurdle_excess"": {""value"": 0.35229271760892134, ""threshold"": 0.0, ""passed"": true}, ""min_support_actual"": {""value"": 765, ""threshold"": 50, ""passed"": true}, ""is_structurally_sound"": {""value"": false, ""passed"": false}, ""trade_path_quality_score"": {""value"": 1.972925466027123e-10, ""threshold"": 0.0, ""passed"": true}}, ""failures"": [""structural_soundness_fail: ""], ""warnings"": [], ""classification"": ""research""}",0.0,0.0,0.6212628862970795,production,production,False,False,0.1
(*)|(loc_dist_ema20_atr_ts_top30==1)|(reg_atr_change_rate_ts_band25_75==1&reg_atr_change_rate_ts_bot40==0&reg_atr_change_rate_ts_top20==1&reg_atr_change_rate_ts_top50==0&reg_atr_change_rate_ts_top70==0),*,loc_dist_ema20_atr_ts_top30==1,reg_atr_change_rate_ts_band25_75==1&reg_atr_change_rate_ts_bot40==0&reg_atr_change_rate_ts_top20==1&reg_atr_change_rate_ts_top50==0&reg_atr_change_rate_ts_top70==0,-0.3523834745089213,0.3523834745089213,0.03194279812826906,0.295670747756958,0.09599999999999999,0.030174799394834736,1.0,1.0,0.5193889541715628,765,,,-0.016592327309194188,-0.046500050897017545,-0.020678623068153053,0.01127224839914974,,0.3333333333333333,,,,0.11043558754619744,,-0.1551383399209486,0.03686859195491667,0.24789947891254047,1.972925466027123e-10,0.0001569639214888631,0.01,0.017172845425311053,0.01,0.01,0.011488634627312422,0.003933382912244223,0.003933382912244223,9.07569e-05,-0.3524742314089213,3,1,1,6,6,stage_a_context,,short,6-way,True,,production,production,,,-0.02805176752183125,0.9359999999999997,primary_target,0,ranking,research,"{""checks"": {""n_folds"": {""value"": 3, ""threshold"": 3, ""passed"": true}, ""healthy_fold_count"": {""value"": 3, ""threshold"": 2, ""passed"": true}, ""healthy_fold_ratio"": {""value"": 1.0, ""threshold"": 0.6666666666666666, ""passed"": true}, ""presence_freq"": {""value"": 1.0, ""threshold"": 0.75, ""passed"": true}, ""directional_mean_ret"": {""value"": 0.3523834745089213, ""threshold"": 0.0, ""passed"": true}, ""hurdle_excess"": {""value"": 0.35229271760892134, ""threshold"": 0.0, ""passed"": true}, ""min_support_actual"": {""value"": 765, ""threshold"": 50, ""passed"": true}, ""is_structurally_sound"": {""value"": false, ""passed"": false}, ""trade_path_quality_score"": {""value"": 1.972925466027123e-10, ""threshold"": 0.0, ""passed"": true}}, ""failures"": [""structural_soundness_fail: ""], ""warnings"": [], ""classification"": ""research""}",0.0,0.0,0.22101119183556855,production,production,False,False,0.1
(*)|(loc_dist_ema20_atr_ts_top30==1)|(reg_atr_change_rate_ts_top20==1&reg_atr_change_rate_ts_top40==1&reg_atr_change_rate_ts_top50==0),*,loc_dist_ema20_atr_ts_top30==1,reg_atr_change_rate_ts_top20==1&reg_atr_change_rate_ts_top40==1&reg_atr_change_rate_ts_top50==0,-0.3523834745089213,0.3523834745089213,0.03194279812826906,0.295670747756958,0.09599999999999999,0.030174799394834736,1.0,1.0,0.5193889541715628,765,,,-0.016592327309194188,-0.046500050897017545,-0.020678623068153053,0.01127224839914974,,0.3333333333333333,,,,0.11043558754619744,,-0.1551383399209486,0.03686859195491667,0.24789947891254047,1.972925466027123e-10,0.0001569639214888631,0.01,0.017172845425311053,0.01,0.01,0.011488634627312422,0.003933382912244223,0.003933382912244223,9.07569e-05,-0.3524742314089213,3,1,1,4,4,stage_a_context,,short,4-way,True,,production,production,,,-0.02805176752183125,0.9359999999999997,primary_target,0,ranking,research,"{""checks"": {""n_folds"": {""value"": 3, ""threshold"": 3, ""passed"": true}, ""healthy_fold_count"": {""value"": 3, ""threshold"": 2, ""passed"": true}, ""healthy_fold_ratio"": {""value"": 1.0, ""threshold"": 0.6666666666666666, ""passed"": true}, ""presence_freq"": {""value"": 1.0, ""threshold"": 0.75, ""passed"": true}, ""directional_mean_ret"": {""value"": 0.3523834745089213, ""threshold"": 0.0, ""passed"": true}, ""hurdle_excess"": {""value"": 0.35229271760892134, ""threshold"": 0.0, ""passed"": true}, ""min_support_actual"": {""value"": 765, ""threshold"": 50, ""passed"": true}, ""is_structurally_sound"": {""value"": false, ""passed"": false}, ""trade_path_quality_score"": {""value"": 1.972925466027123e-10, ""threshold"": 0.0, ""passed"": true}}, ""failures"": [""structural_soundness_fail: ""], ""warnings"": [], ""classification"": ""research""}",0.0,0.0,0.370805920178765,production,production,False,False,0.1
(*)|(loc_dist_ema20_atr_ts_top30==1)|(reg_atr_change_rate_ts_top20==1&reg_atr_change_rate_ts_top50==0&reg_atr_compression_ratio_ts_band40_60==1),*,loc_dist_ema20_atr_ts_top30==1,reg_atr_change_rate_ts_top20==1&reg_atr_change_rate_ts_top50==0&reg_atr_compression_ratio_ts_band40_60==1,-0.3523834745089213,0.3523834745089213,0.03194279812826906,0.295670747756958,0.09599999999999999,0.030174799394834736,1.0,1.0,0.5193889541715628,765,,,-0.016592327309194188,-0.046500050897017545,-0.020678623068153053,0.01127224839914974,,0.3333333333333333,,,,0.11043558754619744,,-0.1551383399209486,0.03686859195491667,0.24789947891254047,1.972925466027123e-10,0.0001569639214888631,0.01,0.017172845425311053,0.01,0.01,0.011488634627312422,0.003933382912244223,0.003933382912244223,9.07569e-05,-0.3524742314089213,3,1,1,4,4,stage_a_context,,short,4-way,True,,production,production,,,-0.02805176752183125,0.9359999999999997,primary_target,0,ranking,research,"{""checks"": {""n_folds"": {""value"": 3, ""threshold"": 3, ""passed"": true}, ""healthy_fold_count"": {""value"": 3, ""threshold"": 2, ""passed"": true}, ""healthy_fold_ratio"": {""value"": 1.0, ""threshold"": 0.6666666666666666, ""passed"": true}, ""presence_freq"": {""value"": 1.0, ""threshold"": 0.75, ""passed"": true}, ""directional_mean_ret"": {""value"": 0.3523834745089213, ""threshold"": 0.0, ""passed"": true}, ""hurdle_excess"": {""value"": 0.35229271760892134, ""threshold"": 0.0, ""passed"": true}, ""min_support_actual"": {""value"": 765, ""threshold"": 50, ""passed"": true}, ""is_structurally_sound"": {""value"": false, ""passed"": false}, ""trade_path_quality_score"": {""value"": 1.972925466027123e-10, ""threshold"": 0.0, ""passed"": true}}, ""failures"": [""structural_soundness_fail: ""], ""warnings"": [], ""classification"": ""research""}",0.0,0.0,0.34650419678618816,production,production,False,False,0.1
(*)|(loc_dist_ema20_atr_ts_top40==1&loc_dist_ema20_atr_ts_top60==0)|(reg_atr_change_rate_ts_band30_70==1&reg_atr_change_rate_ts_bot50==1&reg_atr_change_rate_ts_top20==1),*,loc_dist_ema20_atr_ts_top40==1&loc_dist_ema20_atr_ts_top60==0,reg_atr_change_rate_ts_band30_70==1&reg_atr_change_rate_ts_bot50==1&reg_atr_change_rate_ts_top20==1,-0.3523834745089213,0.3523834745089213,0.03194279812826906,0.295670747756958,0.09599999999999999,0.030174799394834736,1.0,1.0,0.5193889541715628,765,,,-0.016592327309194188,-0.046500050897017545,-0.020678623068153053,0.01127224839914974,,0.3333333333333333,,,,0.11043558754619744,,-0.1551383399209486,0.03686859195491667,0.24789947891254047,1.972925466027123e-10,0.0001569639214888631,0.01,0.017172845425311053,0.01,0.01,0.011488634627312422,0.003933382912244223,0.003933382912244223,9.07569e-05,-0.3524742314089213,3,2,2,5,5,stage_a_context,,short,5-way,True,,production,production,,,-0.02805176752183125,0.9359999999999997,primary_target,0,ranking,research,"{""checks"": {""n_folds"": {""value"": 3, ""threshold"": 3, ""passed"": true}, ""healthy_fold_count"": {""value"": 3, ""threshold"": 2, ""passed"": true}, ""healthy_fold_ratio"": {""value"": 1.0, ""threshold"": 0.6666666666666666, ""passed"": true}, ""presence_freq"": {""value"": 1.0, ""threshold"": 0.75, ""passed"": true}, ""directional_mean_ret"": {""value"": 0.3523834745089213, ""threshold"": 0.0, ""passed"": true}, ""hurdle_excess"": {""value"": 0.35229271760892134, ""threshold"": 0.0, ""passed"": true}, ""min_support_actual"": {""value"": 765, ""threshold"": 50, ""passed"": true}, ""is_structurally_sound"": {""value"": false, ""passed"": false}, ""trade_path_quality_score"": {""value"": 1.972925466027123e-10, ""threshold"": 0.0, ""passed"": true}}, ""failures"": [""structural_soundness_fail: ""], ""warnings"": [], ""classification"": ""research""}",0.0,0.0,0.7602949637058737,production,production,False,False,0.1
(*)|(loc_dist_ema20_atr_ts_top40==1&loc_dist_ema20_atr_ts_top80==0)|(reg_atr_change_rate_ts_bot50==1&reg_atr_change_rate_ts_top20==1),*,loc_dist_ema20_atr_ts_top40==1&loc_dist_ema20_atr_ts_top80==0,reg_atr_change_rate_ts_bot50==1&reg_atr_change_rate_ts_top20==1,-0.3523834745089213,0.3523834745089213,0.03194279812826906,0.295670747756958,0.09599999999999999,0.030174799394834736,1.0,1.0,0.5193889541715628,765,,,-0.016592327309194188,-0.046500050897017545,-0.020678623068153053,0.01127224839914974,,0.3333333333333333,,,,0.11043558754619744,,-0.1551383399209486,0.03686859195491667,0.24789947891254047,1.972925466027123e-10,0.0001569639214888631,0.01,0.017172845425311053,0.01,0.01,0.011488634627312422,0.003933382912244223,0.003933382912244223,9.07569e-05,-0.3524742314089213,3,1,1,4,4,stage_a_context,,short,4-way,True,,production,production,,,-0.02805176752183125,0.9359999999999997,primary_target,0,ranking,research,"{""checks"": {""n_folds"": {""value"": 3, ""threshold"": 3, ""passed"": true}, ""healthy_fold_count"": {""value"": 3, ""threshold"": 2, ""passed"": true}, ""healthy_fold_ratio"": {""value"": 1.0, ""threshold"": 0.6666666666666666, ""passed"": true}, ""presence_freq"": {""value"": 1.0, ""threshold"": 0.75, ""passed"": true}, ""directional_mean_ret"": {""value"": 0.3523834745089213, ""threshold"": 0.0, ""passed"": true}, ""hurdle_excess"": {""value"": 0.35229271760892134, ""threshold"": 0.0, ""passed"": true}, ""min_support_actual"": {""value"": 765, ""threshold"": 50, ""passed"": true}, ""is_structurally_sound"": {""value"": false, ""passed"": false}, ""trade_path_quality_score"": {""value"": 1.972925466027123e-10, ""threshold"": 0.0, ""passed"": true}}, ""failures"": [""structural_soundness_fail: ""], ""warnings"": [], ""classification"": ""research""}",0.0,0.0,0.7706091130714806,production,production,False,False,0.1
(*)|(loc_dist_ema20_atr_ts_top40==1)|(reg_atr_change_rate_ts_band25_75==1&reg_atr_change_rate_ts_top20==1&reg_atr_change_rate_ts_top50==0&reg_atr_change_rate_ts_top70==0),*,loc_dist_ema20_atr_ts_top40==1,reg_atr_change_rate_ts_band25_75==1&reg_atr_change_rate_ts_top20==1&reg_atr_change_rate_ts_top50==0&reg_atr_change_rate_ts_top70==0,-0.3523834745089213,0.3523834745089213,0.03194279812826906,0.295670747756958,0.09599999999999999,0.030174799394834736,1.0,1.0,0.5193889541715628,765,,,-0.016592327309194188,-0.046500050897017545,-0.020678623068153053,0.01127224839914974,,0.3333333333333333,,,,0.11043558754619744,,-0.1551383399209486,0.03686859195491667,0.24789947891254047,1.972925466027123e-10,0.0001569639214888631,0.01,0.017172845425311053,0.01,0.01,0.011488634627312422,0.003933382912244223,0.003933382912244223,9.07569e-05,-0.3524742314089213,3,1,1,5,5,stage_a_context,,short,5-way,True,,production,production,,,-0.02805176752183125,0.9359999999999997,primary_target,0,ranking,research,"{""checks"": {""n_folds"": {""value"": 3, ""threshold"": 3, ""passed"": true}, ""healthy_fold_count"": {""value"": 3, ""threshold"": 2, ""passed"": true}, ""healthy_fold_ratio"": {""value"": 1.0, ""threshold"": 0.6666666666666666, ""passed"": true}, ""presence_freq"": {""value"": 1.0, ""threshold"": 0.75, ""passed"": true}, ""directional_mean_ret"": {""value"": 0.3523834745089213, ""threshold"": 0.0, ""passed"": true}, ""hurdle_excess"": {""value"": 0.35229271760892134, ""threshold"": 0.0, ""passed"": true}, ""min_support_actual"": {""value"": 765, ""threshold"": 50, ""passed"": true}, ""is_structurally_sound"": {""value"": false, ""passed"": false}, ""trade_path_quality_score"": {""value"": 1.972925466027123e-10, ""threshold"": 0.0, ""passed"": true}}, ""failures"": [""structural_soundness_fail: ""], ""warnings"": [], ""classification"": ""research""}",0.0,0.0,0.6976276719477951,production,production,False,False,0.1
(*)|(*)|(reg_atr_change_rate_ts_band25_75==1&reg_atr_change_rate_ts_top20==1&reg_atr_change_rate_ts_top40==1&reg_atr_change_rate_ts_top50==0&reg_atr_change_rate_ts_top60==0&reg_atr_change_rate_ts_top70==0),*,*,reg_atr_change_rate_ts_band25_75==1&reg_atr_change_rate_ts_top20==1&reg_atr_change_rate_ts_top40==1&reg_atr_change_rate_ts_top50==0&reg_atr_change_rate_ts_top60==0&reg_atr_change_rate_ts_top70==0,-0.3523834745089213,0.3523834745089213,0.03194279812826906,0.295670747756958,0.09599999999999999,0.030174799394834736,1.0,1.0,0.5193889541715628,765,,,-0.016592327309194188,-0.046500050897017545,-0.020678623068153053,0.01127224839914974,,0.3333333333333333,,,,0.11043558754619744,,-0.1551383399209486,0.03686859195491667,0.24789947891254047,1.972925466027123e-10,0.0001569639214888631,0.01,0.017172845425311053,0.01,0.01,0.011488634627312422,0.003933382912244223,0.003933382912244223,9.07569e-05,-0.3524742314089213,3,2,2,6,6,stage_a_context,,short,6-way,True,,production,production,,,-0.02805176752183125,0.9359999999999997,primary_target,0,ranking,research,"{""checks"": {""n_folds"": {""value"": 3, ""threshold"": 3, ""passed"": true}, ""healthy_fold_count"": {""value"": 3, ""threshold"": 2, ""passed"": true}, ""healthy_fold_ratio"": {""value"": 1.0, ""threshold"": 0.6666666666666666, ""passed"": true}, ""presence_freq"": {""value"": 1.0, ""threshold"": 0.75, ""passed"": true}, ""directional_mean_ret"": {""value"": 0.3523834745089213, ""threshold"": 0.0, ""passed"": true}, ""hurdle_excess"": {""value"": 0.35229271760892134, ""threshold"": 0.0, ""passed"": true}, ""min_support_actual"": {""value"": 765, ""threshold"": 50, ""passed"": true}, ""is_structurally_sound"": {""value"": false, ""passed"": false}, ""trade_path_quality_score"": {""value"": 1.972925466027123e-10, ""threshold"": 0.0, ""passed"": true}}, ""failures"": [""structural_soundness_fail: ""], ""warnings"": [], ""classification"": ""research""}",0.0,0.0,0.2910874429673726,production,production,False,False,0.1
